   8.1192000e+00
   8.2921000e+00
   7.4652000e+00
   6.7410000e+00
   7.3950000e+00
   7.5353000e+00
   7.4278000e+00
   7.4278000e+00
   7.4278000e+00
   7.4978000e+00
   7.4278000e+00
   7.3950000e+00
   7.2596000e+00
   7.0868000e+00
   7.1895000e+00
   7.3250000e+00
   7.1895000e+00
   7.2596000e+00
   7.3250000e+00
   7.4278000e+00
   7.3950000e+00
   7.7408000e+00
   7.9464000e+00
   7.7081000e+00
   7.9464000e+00
   7.6707000e+00
   7.5679000e+00
   7.6707000e+00
   7.8808000e+00
   7.6006000e+00
   7.4978000e+00
   7.5353000e+00
   7.4278000e+00
   7.4978000e+00
   7.7081000e+00
   7.7735000e+00
   7.6381000e+00
   7.7735000e+00
   7.8808000e+00
   7.8808000e+00
   7.7735000e+00
   7.8109000e+00
   7.7081000e+00
   7.7081000e+00
   7.6381000e+00
   7.7081000e+00
   7.6707000e+00
   7.6707000e+00
   7.5679000e+00
   7.4652000e+00
   7.7735000e+00
   7.9464000e+00
   7.8435000e+00
   7.6381000e+00
   7.5679000e+00
   7.4652000e+00
   7.4978000e+00
   7.6381000e+00
   7.6006000e+00
   7.5679000e+00
   7.6006000e+00
   7.6006000e+00
   7.6006000e+00
   7.8435000e+00
   7.9464000e+00
   7.8109000e+00
   7.8808000e+00
   7.9464000e+00
   8.0538000e+00
   8.1192000e+00
   8.0538000e+00
   8.1565000e+00
   8.2593000e+00
   8.4649000e+00
   8.4322000e+00
   8.0865000e+00
   7.6707000e+00
   6.9140000e+00
   7.5353000e+00
   7.1522000e+00
   7.1194000e+00
   7.1522000e+00
   7.0167000e+00
   6.9140000e+00
   7.0167000e+00
   6.8438000e+00
   6.7410000e+00
   6.1525000e+00
   6.3252000e+00
   6.5309000e+00
   6.5682000e+00
   6.0824000e+00
   6.0824000e+00
   6.2552000e+00
   5.6339000e+00
   5.4611000e+00
   5.4937000e+00
   5.4237000e+00
   5.2509000e+00
   5.3911000e+00
   5.4611000e+00
   5.3583000e+00
   5.2509000e+00
   5.2182000e+00
   5.1153000e+00
   5.0452000e+00
   4.9426000e+00
   4.5967000e+00
   4.4567000e+00
   4.5268000e+00
   4.5268000e+00
   4.4240000e+00
   4.1483000e+00
   3.9756000e+00
   3.8728000e+00
   3.8026000e+00
   3.9756000e+00
   4.3539000e+00
   4.4941000e+00
   4.6296000e+00
   4.4240000e+00
   4.0082000e+00
   3.9756000e+00
   3.9054000e+00
   3.5271000e+00
   3.6299000e+00
   3.8353000e+00
   3.6625000e+00
   3.7653000e+00
   4.0783000e+00
   3.9381000e+00
   3.8728000e+00
   3.6625000e+00
   3.6625000e+00
   3.8026000e+00
   3.6999000e+00
   3.7325000e+00
   3.8728000e+00
   3.9054000e+00
   4.0783000e+00
   4.3212000e+00
   4.2512000e+00
   4.5268000e+00
   4.9752000e+00
   5.4611000e+00
   5.3583000e+00
   4.9752000e+00
   4.7698000e+00
   4.4941000e+00
   4.5967000e+00
   4.5967000e+00
   4.6296000e+00
   4.4567000e+00
   4.4240000e+00
   4.4941000e+00
   4.5967000e+00
   4.4240000e+00
   4.4240000e+00
   4.5268000e+00
   4.7698000e+00
   4.7698000e+00
   4.6997000e+00
   4.4567000e+00
   4.6296000e+00
   4.8724000e+00
   4.9426000e+00
   5.0127000e+00
   4.8396000e+00
   4.9752000e+00
   4.9053000e+00
   4.8024000e+00
   4.6668000e+00
   4.6668000e+00
   4.6668000e+00
   4.6668000e+00
   4.5642000e+00
   4.4240000e+00
   4.4567000e+00
   4.3539000e+00
   4.1810000e+00
   4.0082000e+00
   4.3865000e+00
   4.2183000e+00
   4.3212000e+00
   4.4941000e+00
   4.5642000e+00
   4.4941000e+00
   4.5967000e+00
   4.6668000e+00
   4.7698000e+00
   4.7323000e+00
   4.8024000e+00
   4.8396000e+00
   5.0127000e+00
   5.1855000e+00
   5.4237000e+00
   5.3208000e+00
   5.1481000e+00
   5.1855000e+00
   5.3583000e+00
   5.4611000e+00
   5.4237000e+00
   5.4237000e+00
   5.3583000e+00
   5.2881000e+00
   5.1855000e+00
   4.9053000e+00
   4.9752000e+00
   4.9426000e+00
   4.8396000e+00
   4.9053000e+00
   4.5642000e+00
   4.7698000e+00
   5.1481000e+00
   4.9752000e+00
   4.8396000e+00
   4.6997000e+00
   4.6668000e+00
   4.8724000e+00
   4.9053000e+00
   4.6668000e+00
   4.7323000e+00
   4.8396000e+00
   5.0780000e+00
   5.1481000e+00
   5.1855000e+00
   5.0780000e+00
   5.0127000e+00
   4.7698000e+00
   5.0127000e+00
   4.9426000e+00
   5.1481000e+00
   5.0452000e+00
   5.0452000e+00
   5.1153000e+00
   5.1855000e+00
   5.1481000e+00
   5.0127000e+00
   4.8396000e+00
   4.8396000e+00
   4.8396000e+00
   4.8396000e+00
   4.8396000e+00
   4.8724000e+00
   5.0127000e+00
   4.8396000e+00
   4.8024000e+00
   4.8396000e+00
   4.8396000e+00
   5.0127000e+00
   5.0127000e+00
   5.0127000e+00
   5.2509000e+00
   5.2509000e+00
   5.3583000e+00
   5.3208000e+00
   5.1855000e+00
   5.2182000e+00
   5.2182000e+00
   5.0780000e+00
   4.9752000e+00
   4.9053000e+00
   4.9752000e+00
   4.8396000e+00
   4.8396000e+00
   4.7323000e+00
   4.8724000e+00
   4.7698000e+00
   4.8396000e+00
   4.6296000e+00
   4.3865000e+00
   4.1810000e+00
   4.3865000e+00
   4.2839000e+00
   4.6997000e+00
   4.5642000e+00
   4.5642000e+00
   4.4567000e+00
   4.5967000e+00
   4.6668000e+00
   4.5642000e+00
   4.4240000e+00
   4.0082000e+00
   4.1483000e+00
   3.8026000e+00
   4.1810000e+00
   4.0783000e+00
   4.1109000e+00
   4.2839000e+00
   4.2839000e+00
   4.1483000e+00
   4.1483000e+00
   3.9381000e+00
   4.1483000e+00
   4.1810000e+00
   4.1810000e+00
   4.2839000e+00
   4.2512000e+00
   4.1810000e+00
   3.9756000e+00
   4.1483000e+00
   4.2512000e+00
   4.0783000e+00
   4.2512000e+00
   4.1483000e+00
   4.0783000e+00
   3.7325000e+00
   3.3681000e+00
   3.4569000e+00
   3.3681000e+00
   3.4897000e+00
   3.4382000e+00
   3.4196000e+00
   3.5271000e+00
   3.5271000e+00
   3.5924000e+00
   3.6299000e+00
   3.7325000e+00
   3.4569000e+00
   3.8026000e+00
   3.8026000e+00
   3.9381000e+00
   4.0456000e+00
   4.0783000e+00
   4.1483000e+00
   4.1483000e+00
   4.1810000e+00
   4.2512000e+00
   4.6668000e+00
   4.8396000e+00
   4.3865000e+00
   4.8024000e+00
   4.7323000e+00
   4.6997000e+00
   4.5642000e+00
   4.4240000e+00
   4.4941000e+00
   4.6668000e+00
   4.3539000e+00
   4.3865000e+00
   4.2839000e+00
   4.3212000e+00
   4.4567000e+00
   4.4567000e+00
   4.3212000e+00
   4.4941000e+00
   4.3212000e+00
   4.2839000e+00
   4.1810000e+00
   4.2183000e+00
   4.2512000e+00
   4.3212000e+00
   4.4941000e+00
   4.4240000e+00
   4.4240000e+00
   4.4941000e+00
   4.4240000e+00
   4.3539000e+00
   4.2839000e+00
   3.8728000e+00
   3.9756000e+00
   3.9756000e+00
   3.8353000e+00
   4.0082000e+00
   4.2183000e+00
   4.4240000e+00
   4.4567000e+00
   4.3212000e+00
   4.3212000e+00
   4.3539000e+00
   4.3212000e+00
   4.2183000e+00
   4.3865000e+00
   4.3539000e+00
   4.4240000e+00
   4.3212000e+00
   4.1109000e+00
   3.9381000e+00
   3.5597000e+00
   3.9054000e+00
   4.0783000e+00
   4.2839000e+00
   4.5268000e+00
   4.6296000e+00
   4.7323000e+00
   5.0452000e+00
   5.0452000e+00
   4.9752000e+00
   5.0780000e+00
   5.1481000e+00
   5.0452000e+00
   4.8024000e+00
   4.8396000e+00
   4.4941000e+00
   4.5967000e+00
   4.6668000e+00
   4.4941000e+00
   4.5967000e+00
   4.8396000e+00
   4.7323000e+00
   4.9752000e+00
   5.0780000e+00
   5.1481000e+00
   5.1855000e+00
   5.3208000e+00
   5.2509000e+00
   5.0780000e+00
   4.9752000e+00
   4.8724000e+00
   5.2509000e+00
   5.3583000e+00
   5.3583000e+00
   5.3911000e+00
   5.4237000e+00
   5.6667000e+00
   5.8068000e+00
   5.5638000e+00
   5.5965000e+00
   5.7367000e+00
   5.6667000e+00
   5.5638000e+00
   5.5638000e+00
   5.5310000e+00
   5.5965000e+00
   5.4937000e+00
   5.7041000e+00
   5.7041000e+00
   6.1525000e+00
   6.7410000e+00
   6.5682000e+00
   6.5682000e+00
   6.3580000e+00
   6.1850000e+00
   6.1525000e+00
   6.2226000e+00
   6.7038000e+00
   6.8438000e+00
   6.6336000e+00
   6.7038000e+00
   6.7410000e+00
   6.8064000e+00
   7.4652000e+00
   8.1894000e+00
   8.2921000e+00
   8.1565000e+00
   8.2921000e+00
   8.3293000e+00
   8.2921000e+00
   8.2921000e+00
   8.2921000e+00
   8.1565000e+00
   8.5022000e+00
   9.0206000e+00
   8.8805000e+00
   8.8103000e+00
   8.8103000e+00
   8.9505000e+00
   8.9833000e+00
   8.9833000e+00
   8.9178000e+00
   8.7446000e+00
   7.8808000e+00
   8.6378000e+00
   9.5010000e+00
   8.8103000e+00
   9.5390000e+00
   8.8103000e+00
   8.8477000e+00
   8.8103000e+00
   8.9833000e+00
   8.3293000e+00
   8.0865000e+00
   7.8808000e+00
   7.7081000e+00
   7.6006000e+00
   7.1895000e+00
   6.9466000e+00
   7.4652000e+00
   7.8109000e+00
   7.6006000e+00
   7.6006000e+00
   7.5353000e+00
   7.4652000e+00
   8.1894000e+00
   8.1894000e+00
   8.4322000e+00
   8.2267000e+00
   7.9464000e+00
   8.2921000e+00
   8.7074000e+00
   8.6755000e+00
   8.5349000e+00
   9.3296000e+00
   9.3296000e+00
   8.7074000e+00
   8.2267000e+00
   7.4278000e+00
   8.1192000e+00
   8.9178000e+00
   9.6750000e+00
   9.5720000e+00
   9.3296000e+00
   9.6420000e+00
   9.6750000e+00
   9.5010000e+00
   9.5010000e+00
   9.3296000e+00
   9.2966000e+00
   8.6378000e+00
   8.6378000e+00
   8.6050000e+00
   8.7074000e+00
   8.7446000e+00
   8.9833000e+00
   8.8477000e+00
   8.9833000e+00
   8.6378000e+00
   8.8477000e+00
   8.9833000e+00
   8.9833000e+00
   8.7074000e+00
   8.6378000e+00
   8.6378000e+00
   8.8103000e+00
   8.8103000e+00
   8.6755000e+00
   8.5349000e+00
   8.6378000e+00
   8.5349000e+00
   8.6378000e+00
   8.7446000e+00
   8.8103000e+00
   8.9833000e+00
   8.9178000e+00
   9.0206000e+00
   8.8805000e+00
   8.8477000e+00
   8.9833000e+00
   8.9833000e+00
   8.9833000e+00
   8.7074000e+00
   8.9833000e+00
   8.7774000e+00
   8.9833000e+00
   8.9505000e+00
   8.8805000e+00
   8.6050000e+00
   8.6378000e+00
   8.7074000e+00
   8.8103000e+00
   8.2921000e+00
   8.2921000e+00
   8.0865000e+00
   7.7081000e+00
   7.7081000e+00
   7.9464000e+00
   7.9837000e+00
   7.9464000e+00
   7.9464000e+00
   7.9464000e+00
   8.1192000e+00
   8.1565000e+00
   8.1565000e+00
   8.1192000e+00
   8.1192000e+00
   7.8435000e+00
   7.7735000e+00
   7.7735000e+00
   7.9137000e+00
   7.7408000e+00
   7.8109000e+00
   7.8808000e+00
   8.0164000e+00
   7.9464000e+00
   7.9464000e+00
   7.9464000e+00
   7.8808000e+00
   7.9464000e+00
   8.1565000e+00
   8.2921000e+00
   8.1192000e+00
   8.4649000e+00
   8.3293000e+00
   8.3995000e+00
   8.4322000e+00
   8.2921000e+00
   8.0164000e+00
   7.9464000e+00
   8.0865000e+00
   7.9464000e+00
   8.0538000e+00
   8.1894000e+00
   7.9464000e+00
   8.0538000e+00
   8.1192000e+00
   8.2921000e+00
   8.1565000e+00
   8.0538000e+00
   8.1894000e+00
   8.3995000e+00
   8.2921000e+00
   8.3621000e+00
   8.3293000e+00
   8.4649000e+00
   8.5022000e+00
   8.5022000e+00
   8.4322000e+00
   8.0538000e+00
   8.1192000e+00
   8.0164000e+00
   8.1192000e+00
   8.2267000e+00
   8.1565000e+00
   8.5022000e+00
   8.8477000e+00
   9.1941000e+00
   9.1240000e+00
   8.9833000e+00
   9.5010000e+00
   9.1562000e+00
   8.5721000e+00
   8.6378000e+00
   9.1562000e+00
   9.7120000e+00
   9.7820000e+00
   9.6100000e+00
   9.9880000e+00
   1.0507000e+01
   1.0538000e+01
   1.0436000e+01
   1.0127000e+01
   1.0192000e+01
   1.0366000e+01
   1.0642000e+01
   1.0092000e+01
   1.0231000e+01
   1.0263000e+01
   1.0300000e+01
   1.0127000e+01
   1.0192000e+01
   1.0192000e+01
   1.0231000e+01
   1.0538000e+01
   1.0366000e+01
   1.0300000e+01
   1.0470000e+01
   1.0127000e+01
   1.0366000e+01
   1.0192000e+01
   1.0300000e+01
   1.0366000e+01
   1.0436000e+01
   1.0403000e+01
   1.0021000e+01
   1.0300000e+01
   1.0366000e+01
   1.1057000e+01
   1.2165000e+01
   1.1371000e+01
   1.1577000e+01
   1.1334000e+01
   1.1268000e+01
   1.1268000e+01
   1.1441000e+01
   1.0987000e+01
   1.0538000e+01
   1.0713000e+01
   1.0300000e+01
   9.8480000e+00
   9.6420000e+00
   1.0576000e+01
   1.1403000e+01
   1.1334000e+01
   1.0749000e+01
   1.0781000e+01
   1.0987000e+01
   1.0713000e+01
   1.0885000e+01
   1.1231000e+01
   1.1161000e+01
   1.1231000e+01
   1.1128000e+01
   1.0403000e+01
   1.0885000e+01
   1.0366000e+01
   1.0436000e+01
   1.0366000e+01
   1.0538000e+01
   1.0366000e+01
   1.0021000e+01
   1.0127000e+01
   9.8480000e+00
   9.9880000e+00
   9.0206000e+00
   9.5010000e+00
   9.3668000e+00
   9.0908000e+00
   9.4373000e+00
   9.7450000e+00
   9.9550000e+00
   1.0160000e+01
   1.0366000e+01
   1.0366000e+01
   1.0366000e+01
   1.0366000e+01
   1.0576000e+01
   1.0642000e+01
   1.0955000e+01
   1.0922000e+01
   1.0987000e+01
   1.1231000e+01
   1.1128000e+01
   1.1128000e+01
   1.1301000e+01
   1.1095000e+01
   1.0366000e+01
   1.0609000e+01
   1.0642000e+01
   1.0713000e+01
   1.0885000e+01
   1.1057000e+01
   1.1057000e+01
   1.1057000e+01
   1.1057000e+01
   1.0885000e+01
   1.0885000e+01
   1.1025000e+01
   1.0955000e+01
   1.0885000e+01
   1.0749000e+01
   1.0814000e+01
   1.0713000e+01
   1.0749000e+01
   1.0642000e+01
   1.0749000e+01
   1.0922000e+01
   1.1057000e+01
   1.0955000e+01
   1.1301000e+01
   1.1334000e+01
   1.1334000e+01
   1.1268000e+01
   1.1128000e+01
   1.1161000e+01
   1.1197000e+01
   1.1057000e+01
   1.0922000e+01
   1.0955000e+01
   1.0713000e+01
   1.0576000e+01
   1.0576000e+01
   1.0576000e+01
   1.0576000e+01
   1.0576000e+01
   1.0749000e+01
   1.0922000e+01
   1.1057000e+01
   1.0987000e+01
   1.0853000e+01
   1.0853000e+01
   1.0642000e+01
   1.0436000e+01
   1.0192000e+01
   1.0021000e+01
   9.9550000e+00
   1.0092000e+01
   1.0057000e+01
   1.0192000e+01
   1.0192000e+01
   1.0470000e+01
   1.0538000e+01
   1.0470000e+01
   1.0300000e+01
   1.0436000e+01
   1.0403000e+01
   1.0333000e+01
   1.0092000e+01
   1.0192000e+01
   1.0609000e+01
   1.0538000e+01
   1.0538000e+01
   1.0576000e+01
   1.0609000e+01
   1.0679000e+01
   1.0922000e+01
   1.0853000e+01
   1.0853000e+01
   1.0576000e+01
   1.0436000e+01
   1.0366000e+01
   1.0366000e+01
   1.0192000e+01
   1.0192000e+01
   1.0713000e+01
   1.1025000e+01
   1.0885000e+01
   1.0713000e+01
   1.0679000e+01
   1.0609000e+01
   1.0436000e+01
   1.0057000e+01
   1.0403000e+01
   1.0231000e+01
   1.0057000e+01
   1.0021000e+01
   1.0092000e+01
   9.9170000e+00
   9.7120000e+00
   9.4687000e+00
   9.4001000e+00
   9.2643000e+00
   8.9178000e+00
   8.5721000e+00
   7.8808000e+00
   8.0538000e+00
   8.1192000e+00
   8.4649000e+00
   8.5349000e+00
   8.6050000e+00
   8.7074000e+00
   8.9178000e+00
   9.1562000e+00
   9.1240000e+00
   8.8103000e+00
   8.7446000e+00
   8.7446000e+00
   8.6755000e+00
   8.5721000e+00
   9.0908000e+00
   9.2643000e+00
   9.1941000e+00
   9.5010000e+00
   9.4001000e+00
   9.2263000e+00
   9.1240000e+00
   8.8477000e+00
   8.9833000e+00
   9.0206000e+00
   9.0206000e+00
   9.0908000e+00
   9.0206000e+00
   9.1562000e+00
   9.0206000e+00
   9.0206000e+00
   8.9505000e+00
   9.5010000e+00
   9.2966000e+00
   9.0206000e+00
   8.9833000e+00
   8.7446000e+00
   8.7074000e+00
   8.8477000e+00
   8.9178000e+00
   8.7446000e+00
   8.8477000e+00
   8.8477000e+00
   8.6378000e+00
   8.7774000e+00
   9.1562000e+00
   9.4687000e+00
   9.4373000e+00
   9.2966000e+00
   9.2643000e+00
   8.7446000e+00
   8.8103000e+00
   9.0908000e+00
   9.1240000e+00
   8.8477000e+00
   8.7074000e+00
   8.7074000e+00
   8.6378000e+00
   8.2267000e+00
   7.7735000e+00
   7.6707000e+00
   7.7081000e+00
   7.6006000e+00
   7.8109000e+00
   7.7735000e+00
   7.6006000e+00
   7.7735000e+00
   7.8109000e+00
   8.2921000e+00
   8.5022000e+00
   8.1565000e+00
   8.4649000e+00
   8.3293000e+00
   8.2593000e+00
   8.5721000e+00
   8.9178000e+00
   8.7774000e+00
   8.5721000e+00
   8.5349000e+00
   8.6050000e+00
   8.6378000e+00
   8.6050000e+00
   8.3293000e+00
   8.3995000e+00
   8.1894000e+00
   8.2593000e+00
   8.2921000e+00
   8.4649000e+00
   8.4649000e+00
   8.2921000e+00
   8.3621000e+00
   8.2921000e+00
   7.9837000e+00
   7.9837000e+00
   8.1565000e+00
   8.0164000e+00
   7.7408000e+00
   7.9137000e+00
   7.5353000e+00
   7.6381000e+00
   7.7408000e+00
   7.6381000e+00
   7.7408000e+00
   7.6381000e+00
   6.8579000e+00
   6.3580000e+00
   6.7038000e+00
   6.6010000e+00
   6.7038000e+00
   6.9466000e+00
   7.2923000e+00
   7.1194000e+00
   6.9140000e+00
   6.9466000e+00
   6.9793000e+00
   7.0868000e+00
   7.2596000e+00
   6.9793000e+00
   7.0868000e+00
   7.0494000e+00
   6.9466000e+00
   6.7038000e+00
   6.8579000e+00
   6.7410000e+00
   6.6523000e+00
   6.6710000e+00
   6.6850000e+00
   6.7038000e+00
   6.4795000e+00
   6.5682000e+00
   6.9140000e+00
   6.9466000e+00
   6.9140000e+00
   6.9793000e+00
   6.8438000e+00
   6.9466000e+00
   6.9140000e+00
   7.0494000e+00
   7.0167000e+00
   7.0868000e+00
   7.1895000e+00
   7.2596000e+00
   7.0167000e+00
   7.0494000e+00
   7.2596000e+00
   7.3950000e+00
   7.6707000e+00
   7.3624000e+00
   7.6707000e+00
   7.3624000e+00
   7.4652000e+00
   7.9137000e+00
   7.8808000e+00
   7.8435000e+00
   7.7408000e+00
   7.6707000e+00
   8.0164000e+00
   7.9464000e+00
   7.6006000e+00
   7.8435000e+00
   7.6707000e+00
   7.3624000e+00
   7.5679000e+00
   7.0494000e+00
   6.9140000e+00
   6.6710000e+00
   6.6710000e+00
   6.8251000e+00
   6.5309000e+00
   6.3252000e+00
   6.3953000e+00
   6.0497000e+00
   5.9796000e+00
   6.2226000e+00
   6.0824000e+00
   6.2226000e+00
   6.1151000e+00
   5.8769000e+00
   5.9610000e+00
   5.7367000e+00
   5.7041000e+00
   5.6667000e+00
   5.7180000e+00
   5.9096000e+00
   6.3252000e+00
   6.2739000e+00
   6.0497000e+00
   6.2880000e+00
   6.3953000e+00
   6.1338000e+00
   6.1012000e+00
   6.0497000e+00
   6.1151000e+00
   5.9610000e+00
   5.4937000e+00
   5.5825000e+00
   5.6153000e+00
   5.5638000e+00
   5.7180000e+00
   5.9796000e+00
   5.8908000e+00
   5.8068000e+00
   5.8068000e+00
   5.7180000e+00
   5.7041000e+00
   5.5965000e+00
   5.5638000e+00
   5.5451000e+00
   5.3208000e+00
   5.1153000e+00
   4.6997000e+00
   4.6997000e+00
   4.2839000e+00
   4.6296000e+00
   4.7883000e+00
   4.8396000e+00
   4.9752000e+00
   5.0265000e+00
   5.4937000e+00
   5.0780000e+00
   5.1341000e+00
   5.0640000e+00
   5.1855000e+00
   5.3208000e+00
   5.5124000e+00
   5.1855000e+00
   5.2881000e+00
   5.3724000e+00
   5.1341000e+00
   5.1341000e+00
   4.7183000e+00
   4.9240000e+00
   4.9612000e+00
   4.4053000e+00
   4.5081000e+00
   4.4427000e+00
   4.4053000e+00
   4.0970000e+00
   3.8728000e+00
   3.7140000e+00
   3.8166000e+00
   3.7513000e+00
   3.6999000e+00
   3.6111000e+00
   3.5411000e+00
   3.5784000e+00
   3.5924000e+00
   3.5271000e+00
   3.5083000e+00
   3.5784000e+00
   3.6811000e+00
   4.0269000e+00
   3.7653000e+00
   3.5924000e+00
   3.6299000e+00
   3.8867000e+00
   3.7140000e+00
   3.8026000e+00
   3.8353000e+00
   4.0269000e+00
   3.8867000e+00
   4.0595000e+00
   4.0269000e+00
   4.3865000e+00
   4.2324000e+00
   4.1483000e+00
   4.1810000e+00
   4.1810000e+00
   4.1810000e+00
   4.1109000e+00
   4.2512000e+00
   4.4240000e+00
   4.6481000e+00
   4.7698000e+00
   5.1995000e+00
   5.3068000e+00
   5.1153000e+00
   5.1153000e+00
   5.1481000e+00
   5.1153000e+00
   4.8911000e+00
   5.0452000e+00
   5.0127000e+00
   5.0127000e+00
   5.1855000e+00
   5.0640000e+00
   5.0265000e+00
   4.8209000e+00
   4.9612000e+00
   5.0966000e+00
   5.2182000e+00
   5.0966000e+00
   5.0640000e+00
   4.9612000e+00
   5.0127000e+00
   4.9612000e+00
   4.5781000e+00
   4.6481000e+00
   4.6997000e+00
   4.8724000e+00
   4.7323000e+00
   4.4755000e+00
   4.4567000e+00
   4.4427000e+00
   4.5081000e+00
   4.5081000e+00
   4.5781000e+00
   5.0265000e+00
   5.0127000e+00
   5.0452000e+00
   4.9940000e+00
   5.4611000e+00
   5.4424000e+00
   5.4237000e+00
   5.3396000e+00
   5.4937000e+00
   5.6339000e+00
   5.7881000e+00
   5.8068000e+00
   5.8068000e+00
   6.0310000e+00
   5.8908000e+00
   5.8395000e+00
   5.8254000e+00
   5.5310000e+00
   5.5124000e+00
   5.5825000e+00
   5.7367000e+00
   5.5638000e+00
   5.6667000e+00
   5.6527000e+00
   5.5965000e+00
   5.4237000e+00
   5.5124000e+00
   5.3911000e+00
   5.2182000e+00
   5.3208000e+00
   5.2694000e+00
   5.4237000e+00
   5.3724000e+00
   5.3208000e+00
   5.4096000e+00
   5.2368000e+00
   5.1995000e+00
   5.3208000e+00
   5.2694000e+00
   5.3208000e+00
   5.1341000e+00
   5.2509000e+00
   5.2694000e+00
   5.1481000e+00
   4.9612000e+00
   4.8396000e+00
   4.8537000e+00
   4.8537000e+00
   4.8396000e+00
   4.9240000e+00
   4.8724000e+00
   4.8724000e+00
   4.8396000e+00
   4.8209000e+00
   5.0127000e+00
   4.9752000e+00
   5.0780000e+00
   4.9752000e+00
   4.9940000e+00
   5.0966000e+00
   5.1481000e+00
   5.0640000e+00
   5.1153000e+00
   4.8911000e+00
   4.9612000e+00
   4.8396000e+00
   4.8911000e+00
   4.9053000e+00
   4.8024000e+00
   4.5967000e+00
   4.6296000e+00
   4.7183000e+00
   4.5781000e+00
   4.3539000e+00
   4.2839000e+00
   4.4240000e+00
   4.3865000e+00
   4.3726000e+00
   4.5642000e+00
   4.7183000e+00
   4.6668000e+00
   4.4427000e+00
   4.4941000e+00
   4.4941000e+00
   4.4941000e+00
   4.5781000e+00
   4.5642000e+00
   4.4755000e+00
   4.0783000e+00
   4.2512000e+00
   4.2699000e+00
   4.8209000e+00
   4.7698000e+00
   4.6155000e+00
   4.8024000e+00
   4.7183000e+00
   4.8024000e+00
   4.7883000e+00
   4.7883000e+00
   4.8911000e+00
   4.9053000e+00
   4.8537000e+00
   4.9053000e+00
   4.7698000e+00
   4.8724000e+00
   4.9426000e+00
   5.0265000e+00
   5.0265000e+00
   5.0265000e+00
   5.1153000e+00
   5.1855000e+00
   5.0640000e+00
   5.0127000e+00
   4.8911000e+00
   4.8396000e+00
   4.7510000e+00
   4.9426000e+00
   4.8396000e+00
   4.6809000e+00
   4.6997000e+00
   4.7323000e+00
   4.5268000e+00
   4.5642000e+00
   4.3539000e+00
   4.6296000e+00
   4.6481000e+00
   4.7883000e+00
   4.8537000e+00
   4.9752000e+00
   4.8024000e+00
   4.8396000e+00
   4.7323000e+00
   4.8024000e+00
   4.7698000e+00
   4.6668000e+00
   4.3212000e+00
   4.0783000e+00
   3.9381000e+00
   3.9054000e+00
   4.0269000e+00
   3.9568000e+00
   4.0456000e+00
   4.0269000e+00
   3.8026000e+00
   3.8867000e+00
   3.8353000e+00
   3.8353000e+00
   3.7653000e+00
   3.8541000e+00
   3.7653000e+00
   3.8026000e+00
   3.8541000e+00
   3.9568000e+00
   3.9241000e+00
   3.9241000e+00
   3.8353000e+00
   3.8026000e+00
   3.6299000e+00
   3.8353000e+00
   3.8026000e+00
   3.8026000e+00
   3.8026000e+00
   3.9054000e+00
   3.7325000e+00
   3.7840000e+00
   3.8166000e+00
   3.7325000e+00
   3.6625000e+00
   3.7513000e+00
   3.6811000e+00
   3.6811000e+00
   3.7325000e+00
   3.9381000e+00
   3.9896000e+00
   3.8541000e+00
   3.9054000e+00
   4.1297000e+00
   3.9381000e+00
   3.9381000e+00
   3.9756000e+00
   4.0970000e+00
   3.9568000e+00
   3.8541000e+00
   4.0269000e+00
   3.9568000e+00
   3.8867000e+00
   3.8867000e+00
   3.8541000e+00
   3.7653000e+00
   3.7653000e+00
   3.7140000e+00
   3.6811000e+00
   3.6999000e+00
   3.7325000e+00
   3.8353000e+00
   3.8541000e+00
   3.9756000e+00
   3.9756000e+00
   3.8867000e+00
   3.9381000e+00
   4.0082000e+00
   3.9756000e+00
   4.0082000e+00
   3.9756000e+00
   3.9756000e+00
   3.9896000e+00
   4.1297000e+00
   4.1624000e+00
   4.1624000e+00
   4.3212000e+00
   4.3212000e+00
   4.2324000e+00
   4.1810000e+00
   4.2324000e+00
   4.2512000e+00
   4.2324000e+00
   4.2839000e+00
   4.4240000e+00
   4.3351000e+00
   4.3212000e+00
   4.3865000e+00
   4.4053000e+00
   4.6997000e+00
   4.6997000e+00
   4.8911000e+00
   4.7883000e+00
   4.9612000e+00
   5.0127000e+00
   4.8396000e+00
   4.9612000e+00
   4.9612000e+00
   4.9240000e+00
   4.9240000e+00
   4.8537000e+00
   4.8024000e+00
   4.6668000e+00
   4.6296000e+00
   4.6481000e+00
   4.7183000e+00
   4.7883000e+00
   4.6997000e+00
   4.5455000e+00
   4.4941000e+00
   4.5081000e+00
   4.6296000e+00
   4.7183000e+00
   4.6997000e+00
   4.6809000e+00
   4.8209000e+00
   4.8396000e+00
   4.8209000e+00
   4.7883000e+00
   4.7510000e+00
   4.8024000e+00
   4.9240000e+00
   4.9426000e+00
   4.9053000e+00
   4.9240000e+00
   4.8537000e+00
   4.8396000e+00
   4.8724000e+00
   4.8396000e+00
   4.8724000e+00
   4.9240000e+00
   4.6997000e+00
   4.5967000e+00
   4.5081000e+00
   4.6296000e+00
   4.5455000e+00
   4.6997000e+00
   4.7323000e+00
   4.5967000e+00
   4.5967000e+00
   4.4240000e+00
   4.3865000e+00
   4.4941000e+00
   4.4755000e+00
   4.4053000e+00
   4.5081000e+00
   4.6155000e+00
   4.5642000e+00
   4.5081000e+00
   4.4755000e+00
   4.4755000e+00
   4.4755000e+00
   4.4427000e+00
   4.2839000e+00
   4.2699000e+00
   4.2699000e+00
   4.3026000e+00
   4.2699000e+00
   4.1109000e+00
   4.0082000e+00
   3.9568000e+00
   4.0783000e+00
   4.1297000e+00
   4.0783000e+00
   4.1109000e+00
   4.3212000e+00
   4.2839000e+00
   4.3539000e+00
   4.3865000e+00
   4.4567000e+00
   4.4567000e+00
   4.5081000e+00
   4.4941000e+00
   4.5268000e+00
   4.4240000e+00
   4.3026000e+00
   4.2183000e+00
   4.2183000e+00
   4.2699000e+00
   4.2839000e+00
   4.3539000e+00
   4.4941000e+00
   4.5081000e+00
   4.4755000e+00
   4.4240000e+00
   4.3865000e+00
   4.3865000e+00
   4.3026000e+00
   4.3026000e+00
   4.1109000e+00
   4.1297000e+00
   4.1997000e+00
   4.1109000e+00
   4.0269000e+00
   3.9568000e+00
   4.0595000e+00
   4.0082000e+00
   4.0082000e+00
   4.1297000e+00
   4.1810000e+00
   4.1997000e+00
   4.1624000e+00
   4.1810000e+00
   4.3351000e+00
   4.3539000e+00
   4.3865000e+00
   4.5455000e+00
   4.5642000e+00
   4.5455000e+00
   4.5455000e+00
   4.3865000e+00
   4.4941000e+00
   4.5642000e+00
   4.5268000e+00
   4.4755000e+00
   4.5268000e+00
   4.6155000e+00
   4.6296000e+00
   4.7698000e+00
   4.6668000e+00
   4.6668000e+00
   4.7883000e+00
   4.7698000e+00
   4.7883000e+00
   4.7510000e+00
   4.6809000e+00
   4.6997000e+00
   4.8209000e+00
   4.8024000e+00
   4.8396000e+00
   4.8724000e+00
   4.9940000e+00
   4.9752000e+00
   4.9426000e+00
   4.9752000e+00
   5.0640000e+00
   5.0640000e+00
   4.9612000e+00
   4.9240000e+00
   4.8024000e+00
   4.8396000e+00
   4.7883000e+00
   4.8724000e+00
   4.8724000e+00
   4.8396000e+00
   4.9426000e+00
   5.0452000e+00
   5.0127000e+00
   5.0127000e+00
   5.0265000e+00
   5.1153000e+00
   5.3208000e+00
   5.3911000e+00
   5.4937000e+00
   5.4096000e+00
   5.2881000e+00
   5.3068000e+00
   5.5124000e+00
   5.9796000e+00
   6.0123000e+00
   5.9096000e+00
   5.8769000e+00
   5.8395000e+00
   5.8582000e+00
   5.7041000e+00
   5.6527000e+00
   5.8395000e+00
   5.7881000e+00
   5.9096000e+00
   6.0497000e+00
   6.0637000e+00
   6.3252000e+00
   6.3252000e+00
   6.5682000e+00
   6.5682000e+00
   6.6850000e+00
   7.0494000e+00
   7.0494000e+00
   7.1522000e+00
   6.9793000e+00
   6.8064000e+00
   7.2596000e+00
   7.6006000e+00
   7.4652000e+00
   7.2923000e+00
   7.3250000e+00
   7.2596000e+00
   7.1522000e+00
   6.8251000e+00
   6.4981000e+00
   6.9140000e+00
   6.7924000e+00
   6.7737000e+00
   7.1522000e+00
   6.7224000e+00
   6.9466000e+00
   6.9466000e+00
   6.8579000e+00
   6.9793000e+00
   6.8438000e+00
   6.9793000e+00
   7.1194000e+00
   6.8579000e+00
   6.7410000e+00
   6.9140000e+00
   6.9140000e+00
   7.1194000e+00
   7.6006000e+00
   7.6006000e+00
   7.6381000e+00
   7.9464000e+00
   8.3995000e+00
   8.2921000e+00
   8.9833000e+00
   9.2966000e+00
   8.9833000e+00
   8.8103000e+00
   8.7774000e+00
   8.5349000e+00
   8.2267000e+00
   8.3995000e+00
   8.2267000e+00
   8.0865000e+00
   8.5022000e+00
   8.5349000e+00
   8.8103000e+00
   8.9833000e+00
   9.1562000e+00
   8.6378000e+00
   8.5349000e+00
   8.7774000e+00
   8.7446000e+00
   8.9505000e+00
   8.7446000e+00
   8.5721000e+00
   8.3995000e+00
   8.1894000e+00
   7.7408000e+00
   7.6381000e+00
   7.4652000e+00
   7.9464000e+00
   7.9837000e+00
   7.6707000e+00
   7.7735000e+00
   7.9137000e+00
   7.9464000e+00
   8.4649000e+00
   8.5721000e+00
   8.5022000e+00
   8.3621000e+00
   8.4322000e+00
   8.7446000e+00
   8.6378000e+00
   8.8477000e+00
   8.8805000e+00
   8.8477000e+00
   8.8477000e+00
   9.0206000e+00
   8.8477000e+00
   8.9178000e+00
   8.9178000e+00
   8.8805000e+00
   8.9505000e+00
   9.1240000e+00
   9.0908000e+00
   9.0908000e+00
   9.7120000e+00
   1.0192000e+01
   1.0057000e+01
   1.0160000e+01
   9.8850000e+00
   9.8150000e+00
   1.0127000e+01
   1.0127000e+01
   9.9170000e+00
   1.0057000e+01
   9.7820000e+00
   1.0057000e+01
   9.9880000e+00
   9.9880000e+00
   1.0127000e+01
   1.0021000e+01
   1.0021000e+01
   9.8150000e+00
   9.5010000e+00
   1.0021000e+01
   1.0231000e+01
   1.0922000e+01
   1.0366000e+01
   1.0436000e+01
   1.0538000e+01
   1.0885000e+01
   1.1334000e+01
   1.1231000e+01
   1.1231000e+01
   1.1334000e+01
   1.1095000e+01
   1.1441000e+01
   1.1334000e+01
   1.1403000e+01
   1.1057000e+01
   1.1161000e+01
   1.0922000e+01
   1.0436000e+01
   1.0713000e+01
   1.0642000e+01
   1.1197000e+01
   1.1301000e+01
   1.1301000e+01
   1.1161000e+01
   1.0922000e+01
   1.0955000e+01
   1.0987000e+01
   1.0576000e+01
   1.0609000e+01
   1.0642000e+01
   1.0987000e+01
   1.0885000e+01
   1.0987000e+01
   1.0713000e+01
   1.0470000e+01
   1.0333000e+01
   1.0436000e+01
   1.0955000e+01
   1.0781000e+01
   1.1197000e+01
   1.1161000e+01
   1.1197000e+01
   1.1231000e+01
   1.1197000e+01
   1.1231000e+01
   1.1678000e+01
   1.1959000e+01
   1.1818000e+01
   1.1646000e+01
   1.1889000e+01
   1.1959000e+01
   1.2062000e+01
   1.1959000e+01
   1.2095000e+01
   1.1993000e+01
   1.2025000e+01
   1.1506000e+01
   1.1128000e+01
   1.0538000e+01
   1.0679000e+01
   1.0436000e+01
   1.0021000e+01
   9.5390000e+00
   9.6750000e+00
   9.8850000e+00
   9.8480000e+00
   9.5390000e+00
   8.9505000e+00
   9.1240000e+00
   9.0206000e+00
   9.2643000e+00
   9.0206000e+00
   8.8477000e+00
   9.1562000e+00
   9.1240000e+00
   9.1240000e+00
   9.2643000e+00
   9.1240000e+00
   9.0538000e+00
   8.9505000e+00
   9.0538000e+00
   9.0908000e+00
   9.2643000e+00
   9.1240000e+00
   9.3668000e+00
   9.4687000e+00
   9.2966000e+00
   9.3296000e+00
   9.4687000e+00
   9.5720000e+00
   9.3668000e+00
   9.1562000e+00
   9.1240000e+00
   9.1240000e+00
   9.0908000e+00
   8.9505000e+00
   9.1240000e+00
   9.4001000e+00
   9.4687000e+00
   9.6750000e+00
   9.7120000e+00
   9.7820000e+00
   9.7820000e+00
   9.8480000e+00
   9.7820000e+00
   9.7450000e+00
   9.5720000e+00
   9.5010000e+00
   9.5390000e+00
   9.5720000e+00
   9.6750000e+00
   9.7120000e+00
   9.6420000e+00
   9.4687000e+00
   9.5010000e+00
   9.5010000e+00
   9.8850000e+00
   1.0021000e+01
   1.0092000e+01
   1.0092000e+01
   1.0021000e+01
   9.9170000e+00
   9.8850000e+00
   9.8850000e+00
   9.8150000e+00
   9.9170000e+00
   9.8850000e+00
   1.0021000e+01
   1.0092000e+01
   1.0403000e+01
   1.0263000e+01
   1.0192000e+01
   1.0231000e+01
   1.0160000e+01
   1.0021000e+01
   9.9550000e+00
   1.0092000e+01
   1.0127000e+01
   1.0231000e+01
   1.0057000e+01
   1.0092000e+01
   1.0192000e+01
   1.0192000e+01
   1.0300000e+01
   1.0127000e+01
   1.0192000e+01
   1.0231000e+01
   1.0263000e+01
   1.0333000e+01
   1.0507000e+01
   1.0609000e+01
   1.0507000e+01
   1.0609000e+01
   1.1057000e+01
   1.1025000e+01
   1.1025000e+01
   1.1197000e+01
   1.1231000e+01
   1.1161000e+01
   1.1403000e+01
   1.1334000e+01
   1.1473000e+01
   1.1787000e+01
   1.1543000e+01
   1.1441000e+01
   1.1613000e+01
   1.1473000e+01
   1.1577000e+01
   1.1678000e+01
   1.1646000e+01
   1.1678000e+01
   1.2095000e+01
   1.2614000e+01
   1.2786000e+01
   1.2824000e+01
   1.2786000e+01
   1.2926000e+01
   1.3408000e+01
   1.2650000e+01
   1.1889000e+01
   1.1818000e+01
   1.2095000e+01
   1.1852000e+01
   1.1852000e+01
   1.1506000e+01
   1.1543000e+01
   1.1717000e+01
   1.1678000e+01
   1.1818000e+01
   1.1993000e+01
   1.1301000e+01
   1.1749000e+01
   1.1818000e+01
   1.1441000e+01
   1.0814000e+01
   1.0576000e+01
   1.0609000e+01
   1.0642000e+01
   1.0749000e+01
   1.1161000e+01
   1.0713000e+01
   1.0576000e+01
   1.0781000e+01
   1.0853000e+01
   1.0922000e+01
   1.0955000e+01
   1.0749000e+01
   1.0576000e+01
   1.0679000e+01
   1.0679000e+01
   1.0814000e+01
   1.1095000e+01
   1.1231000e+01
   1.1613000e+01
   1.1371000e+01
   1.1161000e+01
   1.1161000e+01
   1.0922000e+01
   1.0749000e+01
   1.0885000e+01
   1.1057000e+01
   1.0853000e+01
   1.0987000e+01
   1.1231000e+01
   1.1128000e+01
   1.0987000e+01
   1.0713000e+01
   1.0679000e+01
   1.0642000e+01
   1.0679000e+01
   1.0814000e+01
   1.0713000e+01
   1.0922000e+01
   1.0922000e+01
   1.0853000e+01
   1.0814000e+01
   1.0263000e+01
   1.0021000e+01
   9.8480000e+00
   1.0092000e+01
   9.7820000e+00
   9.7450000e+00
   9.9880000e+00
   9.9880000e+00
   9.9880000e+00
   9.8850000e+00
   9.8150000e+00
   9.5390000e+00
   9.6750000e+00
   9.6100000e+00
   9.9170000e+00
   1.0057000e+01
   9.9170000e+00
   9.9880000e+00
   9.6750000e+00
   9.5720000e+00
   9.7450000e+00
   9.6750000e+00
   9.8150000e+00
   9.8850000e+00
   9.9880000e+00
   9.9550000e+00
   9.9170000e+00
   1.0192000e+01
   1.0127000e+01
   9.9550000e+00
   1.0263000e+01
   1.0781000e+01
   1.1095000e+01
   1.1197000e+01
   1.1334000e+01
   1.0987000e+01
   1.1057000e+01
   1.1334000e+01
   1.1473000e+01
   1.1231000e+01
   1.1057000e+01
   1.0642000e+01
   1.0781000e+01
   1.0885000e+01
   1.0642000e+01
   1.0713000e+01
   1.0885000e+01
   1.0885000e+01
   1.0679000e+01
   1.0507000e+01
   1.0403000e+01
   1.0576000e+01
   1.0609000e+01
   1.0853000e+01
   1.0507000e+01
   1.0576000e+01
   1.0576000e+01
   1.0609000e+01
   1.0538000e+01
   1.0538000e+01
   1.0679000e+01
   1.0538000e+01
   1.0436000e+01
   1.0538000e+01
   1.0955000e+01
   1.0922000e+01
   1.1231000e+01
   1.1231000e+01
   1.0679000e+01
   1.0609000e+01
   1.0576000e+01
   1.0470000e+01
   1.0679000e+01
   1.0507000e+01
   1.0749000e+01
   1.0713000e+01
   1.0642000e+01
   1.0642000e+01
   1.0366000e+01
   1.0263000e+01
   1.0366000e+01
   1.0366000e+01
   1.0642000e+01
   1.0922000e+01
   1.0853000e+01
   1.0713000e+01
   1.0403000e+01
   1.0609000e+01
   1.0333000e+01
   1.0021000e+01
   9.9880000e+00
   9.7820000e+00
   9.9880000e+00
   9.9880000e+00
   9.9170000e+00
   9.8850000e+00
   9.8850000e+00
   1.0057000e+01
   1.0160000e+01
   1.0057000e+01
   1.0057000e+01
   1.0127000e+01
   1.0781000e+01
   1.0885000e+01
   1.1025000e+01
   1.1095000e+01
   1.1025000e+01
   1.1161000e+01
   1.1128000e+01
   1.1231000e+01
   1.1057000e+01
   1.1403000e+01
   1.1717000e+01
   1.1993000e+01
   1.2095000e+01
   1.1818000e+01
   1.1959000e+01
   1.1646000e+01
   1.1717000e+01
   1.1717000e+01
   1.1787000e+01
   1.1613000e+01
   1.1749000e+01
   1.1922000e+01
   1.1787000e+01
   1.1818000e+01
   1.1968000e+01
   1.1857000e+01
   1.2043000e+01
   1.1931000e+01
   1.2444000e+01
   1.2557000e+01
   1.2557000e+01
   1.2520000e+01
   1.2557000e+01
   1.2847000e+01
   1.3365000e+01
   1.3435000e+01
   1.3768000e+01
   1.3805000e+01
   1.3691000e+01
   1.3691000e+01
   1.3623000e+01
   1.3691000e+01
   1.4169000e+01
   1.4463000e+01
   1.4061000e+01
   1.3950000e+01
   1.4100000e+01
   1.4244000e+01
   1.3950000e+01
   1.3805000e+01
   1.3879000e+01
   1.4169000e+01
   1.4318000e+01
   1.3879000e+01
   1.3730000e+01
   1.3691000e+01
   1.3730000e+01
   1.3913000e+01
   1.3879000e+01
   1.3913000e+01
   1.4100000e+01
   1.4356000e+01
   1.5089000e+01
   1.4682000e+01
   1.4758000e+01
   1.4650000e+01
   1.4721000e+01
   1.4795000e+01
   1.4682000e+01
   1.4908000e+01
   1.5052000e+01
   1.5235000e+01
   1.5089000e+01
   1.4908000e+01
   1.5271000e+01
   1.5271000e+01
   1.5785000e+01
   1.5565000e+01
   1.5747000e+01
   1.5603000e+01
   1.5603000e+01
   1.6411000e+01
   1.6887000e+01
   1.6705000e+01
   1.6925000e+01
   1.7108000e+01
   1.7804000e+01
   1.7144000e+01
   1.6555000e+01
   1.6261000e+01
   1.6742000e+01
   1.7257000e+01
   1.7144000e+01
   1.6850000e+01
   1.6300000e+01
   1.6555000e+01
   1.6555000e+01
   1.6224000e+01
   1.6485000e+01
   1.6518000e+01
   1.6411000e+01
   1.7144000e+01
   1.7069000e+01
   1.6336000e+01
   1.6336000e+01
   1.7069000e+01
   1.7108000e+01
   1.7953000e+01
   1.7879000e+01
   1.8135000e+01
   1.8356000e+01
   1.8392000e+01
   1.8356000e+01
   1.8247000e+01
   1.8317000e+01
   1.8356000e+01
   1.8724000e+01
   1.9494000e+01
   1.9125000e+01
   1.9345000e+01
   1.8724000e+01
   1.8467000e+01
   1.8429000e+01
   1.8832000e+01
   1.9200000e+01
   1.9826000e+01
   1.9971000e+01
   2.0485000e+01
   2.0597000e+01
   2.0485000e+01
   2.0116000e+01
   2.0447000e+01
   2.0816000e+01
   2.0891000e+01
   2.1036000e+01
   2.1181000e+01
   2.1662000e+01
   2.1112000e+01
   2.1588000e+01
   2.1920000e+01
   2.2465000e+01
   2.2209000e+01
   2.2102000e+01
   2.2396000e+01
   2.3236000e+01
   2.3862000e+01
   2.3643000e+01
   2.2690000e+01
   2.3494000e+01
   2.4082000e+01
   2.5297000e+01
   2.5554000e+01
   2.5624000e+01
   2.5073000e+01
   2.4670000e+01
   2.4783000e+01
   2.4596000e+01
   2.4451000e+01
   2.5259000e+01
   2.4783000e+01
   2.5661000e+01
   2.7240000e+01
   2.7352000e+01
   2.8449000e+01
   2.9371000e+01
   3.0435000e+01
   3.0179000e+01
   3.0874000e+01
   2.9371000e+01
   2.5699000e+01
   2.7202000e+01
   2.6946000e+01
   2.7095000e+01
   2.7609000e+01
   2.6688000e+01
   2.7058000e+01
   2.6726000e+01
   2.4488000e+01
   2.5184000e+01
   2.5918000e+01
   2.6067000e+01
   2.5810000e+01
   2.6801000e+01
   2.6871000e+01
   2.6801000e+01
   2.7384000e+01
   2.7202000e+01
   2.7165000e+01
   2.6688000e+01
   2.6801000e+01
   2.7128000e+01
   2.7202000e+01
   2.7534000e+01
   2.7314000e+01
   2.6838000e+01
   2.5880000e+01
   2.5880000e+01
   2.5918000e+01
   2.5624000e+01
   2.6100000e+01
   2.6432000e+01
   2.6908000e+01
   2.6838000e+01
   2.6838000e+01
   2.6801000e+01
   2.7240000e+01
   2.8637000e+01
   2.9002000e+01
   2.9188000e+01
   2.9076000e+01
   2.9735000e+01
   3.1205000e+01
   3.0618000e+01
   3.2084000e+01
   3.2490000e+01
   3.3518000e+01
   3.3593000e+01
   3.4729000e+01
   3.6087000e+01
   3.4878000e+01
   3.5793000e+01
   3.9283000e+01
   4.0568000e+01
   3.7999000e+01
   3.7447000e+01
   4.0199000e+01
   4.0750000e+01
   4.1852000e+01
   4.4053000e+01
   4.0199000e+01
   4.1665000e+01
   4.2404000e+01
   4.5889000e+01
   4.8827000e+01
   4.7724000e+01
   4.7724000e+01
   4.8827000e+01
   4.9561000e+01
   4.7361000e+01
   4.2585000e+01
   4.4240000e+01
   3.8914000e+01
   4.0933000e+01
   3.7812000e+01
   3.6714000e+01
   3.8181000e+01
   3.6564000e+01
   3.8914000e+01
   3.9283000e+01
   3.8181000e+01
   3.6564000e+01
   3.6896000e+01
   3.5975000e+01
   3.6014000e+01
   3.6345000e+01
   3.6345000e+01
   3.3518000e+01
   3.3556000e+01
   3.1314000e+01
   2.7571000e+01
   3.0179000e+01
   3.3042000e+01
   3.2452000e+01
   3.1794000e+01
   3.2308000e+01
   3.3444000e+01
   3.2635000e+01
   3.2308000e+01
   3.3814000e+01
   3.5061000e+01
   3.6714000e+01
   3.9647000e+01
   4.0382000e+01
   4.0568000e+01
   4.2324000e+01
   4.1120000e+01
   4.4141000e+01
   4.3941000e+01
   4.6762000e+01
   4.7566000e+01
   4.7972000e+01
   4.2731000e+01
   4.4945000e+01
   4.2324000e+01
   4.4544000e+01
   4.6154000e+01
   4.5151000e+01
   4.3941000e+01
   4.4141000e+01
   4.5151000e+01
   4.6562000e+01
   4.9178000e+01
   4.8976000e+01
   4.8976000e+01
   4.6762000e+01
   4.7366000e+01
   4.6562000e+01
   4.6562000e+01
   4.6356000e+01
   4.6562000e+01
   4.7164000e+01
   4.7164000e+01
   4.5754000e+01
   4.6154000e+01
   4.5553000e+01
   4.4544000e+01
   4.5351000e+01
   4.6154000e+01
   4.6154000e+01
   4.5351000e+01
   4.4745000e+01
   4.2324000e+01
   4.2324000e+01
   4.2932000e+01
   4.4342000e+01
   4.3133000e+01
   4.3736000e+01
   4.6154000e+01
   4.7766000e+01
   4.6762000e+01
   4.6720000e+01
   4.4342000e+01
   4.3941000e+01
   4.4221000e+01
   4.4141000e+01
   4.2932000e+01
   4.2287000e+01
   4.2567000e+01
   4.1400000e+01
   3.9302000e+01
   3.9909000e+01
   4.0312000e+01
   4.0269000e+01
   4.1120000e+01
   4.0914000e+01
   4.1680000e+01
   4.0712000e+01
   4.0354000e+01
   3.9909000e+01
   4.1563000e+01
   4.1078000e+01
   4.1520000e+01
   4.3619000e+01
   4.3941000e+01
   4.3497000e+01
   4.4300000e+01
   4.5674000e+01
   4.6398000e+01
   4.6884000e+01
   4.7566000e+01
   4.8173000e+01
   4.6519000e+01
   4.6154000e+01
   4.5151000e+01
   4.5310000e+01
   4.5954000e+01
   4.5351000e+01
   4.5109000e+01
   4.3898000e+01
   4.2731000e+01
   4.3333000e+01
   4.4342000e+01
   4.4063000e+01
   4.3941000e+01
   4.3576000e+01
   4.1479000e+01
   4.0110000e+01
   4.0110000e+01
   3.8900000e+01
   3.8698000e+01
   3.8499000e+01
   3.9302000e+01
   4.0312000e+01
   4.1319000e+01
   4.1601000e+01
   4.1520000e+01
   3.9969000e+01
   4.1120000e+01
   4.2324000e+01
   4.1520000e+01
   4.1680000e+01
   4.1442000e+01
   4.3175000e+01
   4.2932000e+01
   4.2123000e+01
   4.1563000e+01
   4.1680000e+01
   4.0834000e+01
   4.0110000e+01
   4.0189000e+01
   4.0592000e+01
   3.9503000e+01
   3.9181000e+01
   3.6682000e+01
   3.6260000e+01
   3.6060000e+01
   3.7087000e+01
   3.6886000e+01
   3.5836000e+01
   3.4668000e+01
   3.2248000e+01
   3.2047000e+01
   3.2229000e+01
   3.4206000e+01
   3.3257000e+01
   3.5154000e+01
   3.5477000e+01
   3.5068000e+01
   3.4668000e+01
   3.4467000e+01
   3.3700000e+01
   3.4625000e+01
   3.5877000e+01
   3.5154000e+01
   3.7167000e+01
   3.6243000e+01
   3.6280000e+01
   3.7004000e+01
   3.6280000e+01
   3.6480000e+01
   3.7046000e+01
   3.7087000e+01
   3.5477000e+01
   3.5999000e+01
   3.6383000e+01
   3.5068000e+01
   3.4265000e+01
   3.3822000e+01
   3.3378000e+01
   3.5836000e+01
   3.6280000e+01
   3.6280000e+01
   3.6120000e+01
   3.6480000e+01
   3.6359000e+01
   3.7087000e+01
   3.9142000e+01
   3.9909000e+01
   3.9021000e+01
   3.5555000e+01
   3.6139000e+01
   3.5677000e+01
   3.4265000e+01
   3.4625000e+01
   3.5068000e+01
   3.6078000e+01
   3.7288000e+01
   3.7087000e+01
   3.6359000e+01
   3.4224000e+01
   3.6321000e+01
   3.6864000e+01
   3.7087000e+01
   3.7652000e+01
   3.7691000e+01
   3.8698000e+01
   3.8499000e+01
   3.9464000e+01
   3.9503000e+01
   3.8859000e+01
   3.8298000e+01
   3.9021000e+01
   3.9423000e+01
   3.8900000e+01
   4.1563000e+01
   4.1479000e+01
   4.3333000e+01
   4.5268000e+01
   4.5231000e+01
   4.6154000e+01
   4.6033000e+01
   4.7122000e+01
   4.8374000e+01
   4.5913000e+01
   4.6762000e+01
   4.7528000e+01
   4.7243000e+01
   4.5590000e+01
   4.5430000e+01
   4.3297000e+01
   4.2852000e+01
   4.4342000e+01
   4.4786000e+01
   4.5754000e+01
   4.6641000e+01
   4.4708000e+01
   4.4585000e+01
   4.3133000e+01
   4.3534000e+01
   4.2123000e+01
   4.1520000e+01
   4.1120000e+01
   3.9946000e+01
   4.0712000e+01
   4.2731000e+01
   4.2731000e+01
   4.1801000e+01
   4.1680000e+01
   4.2932000e+01
   4.4708000e+01
   4.4665000e+01
   4.7766000e+01
   4.7085000e+01
   4.7608000e+01
   4.7366000e+01
   4.7528000e+01
   4.4824000e+01
   4.4745000e+01
   4.4464000e+01
   4.5473000e+01
   4.6963000e+01
   4.7810000e+01
   4.9784000e+01
   5.0350000e+01
   5.0551000e+01
   5.0033000e+01
   5.0126000e+01
   5.1153000e+01
   4.9893000e+01
   5.0265000e+01
   5.0405000e+01
   5.0219000e+01
   5.0219000e+01
   5.1622000e+01
   5.2322000e+01
   5.2648000e+01
   5.3536000e+01
   5.6292000e+01
   5.6760000e+01
   5.5592000e+01
   5.6993000e+01
   5.7927000e+01
   5.7927000e+01
   5.8768000e+01
   5.7460000e+01
   5.7927000e+01
   5.9095000e+01
   5.9329000e+01
   6.1431000e+01
   6.0030000e+01
   6.0730000e+01
   5.7694000e+01
   5.8815000e+01
   5.8768000e+01
   5.6993000e+01
   5.8768000e+01
   5.7694000e+01
   5.5825000e+01
   5.5592000e+01
   5.6106000e+01
   5.4284000e+01
   4.9752000e+01
   5.0592000e+01
   5.1387000e+01
   4.6716000e+01
   4.7184000e+01
   5.0780000e+01
   4.9052000e+01
   4.8584000e+01
   5.1855000e+01
   5.1387000e+01
   5.3723000e+01
   5.2088000e+01
   5.0686000e+01
   5.3490000e+01
   5.2835000e+01
   5.3723000e+01
   5.3630000e+01
   5.3676000e+01
   5.2694000e+01
   5.1949000e+01
   4.9612000e+01
   5.0780000e+01
   5.1808000e+01
   5.2929000e+01
   5.4284000e+01
   5.3256000e+01
   5.4751000e+01
   5.7087000e+01
   5.9049000e+01
   5.7927000e+01
   5.8114000e+01
   5.8161000e+01
   5.7974000e+01
   5.9235000e+01
   5.9095000e+01
   5.7460000e+01
   5.9516000e+01
   6.0170000e+01
   5.9422000e+01
   5.9796000e+01
   6.0357000e+01
   5.9095000e+01
   6.1244000e+01
   6.1151000e+01
   6.2552000e+01
   6.5402000e+01
   6.5869000e+01
   6.5168000e+01
   6.4935000e+01
   6.1431000e+01
   6.1197000e+01
   6.2599000e+01
   6.3066000e+01
   6.3533000e+01
   6.4468000e+01
   6.5635000e+01
   6.4935000e+01
   6.3954000e+01
   6.1197000e+01
   6.0730000e+01
   5.9562000e+01
   6.0450000e+01
   5.6059000e+01
   5.8862000e+01
   5.4751000e+01
   5.7460000e+01
   5.6059000e+01
   5.6059000e+01
   5.4190000e+01
   5.5451000e+01
   5.3723000e+01
   5.2322000e+01
   5.3256000e+01
   5.1855000e+01
   5.2088000e+01
   5.1153000e+01
   4.9566000e+01
   5.2322000e+01
   5.2088000e+01
   5.3349000e+01
   5.0686000e+01
   5.1901000e+01
   5.5031000e+01
   5.5031000e+01
   5.5498000e+01
   5.4704000e+01
   5.2648000e+01
   5.3397000e+01
   5.2555000e+01
   4.9987000e+01
   4.8537000e+01
   4.7698000e+01
   4.8351000e+01
   4.9706000e+01
   5.1528000e+01
   4.9987000e+01
   4.9660000e+01
   4.8911000e+01
   5.1387000e+01
   4.9612000e+01
   4.9752000e+01
   5.1387000e+01
   5.0033000e+01
   4.9425000e+01
   4.9333000e+01
   4.8724000e+01
   4.4567000e+01
   4.5198000e+01
   4.3492000e+01
   4.3211000e+01
   3.8026000e+01
   4.2044000e+01
   4.0643000e+01
   4.2371000e+01
   4.2162000e+01
   4.2512000e+01
   4.4146000e+01
   4.3399000e+01
   4.3563000e+01
   4.6762000e+01
   4.5921000e+01
   4.3025000e+01
   4.4473000e+01
   4.5361000e+01
   4.6412000e+01
   4.7277000e+01
   4.7837000e+01
   4.9987000e+01
   4.9052000e+01
   4.9519000e+01
   5.0686000e+01
   5.0732000e+01
   5.2322000e+01
   5.1528000e+01
   5.1622000e+01
   5.1435000e+01
   5.1247000e+01
   5.2555000e+01
   5.0967000e+01
   4.9752000e+01
   5.1387000e+01
   5.0873000e+01
   5.1622000e+01
   4.9660000e+01
   4.9519000e+01
   4.7371000e+01
   4.9566000e+01
   4.8630000e+01
   4.7837000e+01
   4.6716000e+01
   4.4871000e+01
   4.5128000e+01
   4.3399000e+01
   4.4473000e+01
   4.3913000e+01
   4.5104000e+01
   4.7604000e+01
   4.7650000e+01
   4.7650000e+01
   4.8116000e+01
   4.7604000e+01
   4.7184000e+01
   4.9052000e+01
   4.9285000e+01
   4.7883000e+01
   4.9425000e+01
   4.9425000e+01
   4.7184000e+01
   4.6481000e+01
   4.7930000e+01
   4.8584000e+01
   4.9285000e+01
   4.9473000e+01
   4.9098000e+01
   4.8678000e+01
   4.7698000e+01
   4.8678000e+01
   4.8584000e+01
   4.9146000e+01
   4.8116000e+01
   4.9052000e+01
   4.9939000e+01
   4.9752000e+01
   5.0126000e+01
   5.1013000e+01
   4.9893000e+01
   5.0126000e+01
   5.0686000e+01
   5.0826000e+01
   5.1107000e+01
   5.1995000e+01
   5.2741000e+01
   5.1855000e+01
   5.1901000e+01
   5.1153000e+01
   5.1341000e+01
   5.0546000e+01
   5.0126000e+01
   4.8164000e+01
   4.8491000e+01
   4.7883000e+01
   4.8491000e+01
   4.8070000e+01
   4.8630000e+01
   4.7650000e+01
   4.6950000e+01
   4.5758000e+01
   4.5735000e+01
   4.6085000e+01
   4.6716000e+01
   4.5617000e+01
   4.5735000e+01
   4.4895000e+01
   4.6857000e+01
   4.7837000e+01
   4.7230000e+01
   4.8210000e+01
   4.8537000e+01
   4.7650000e+01
   4.8073000e+01
   4.6903000e+01
   4.6716000e+01
   4.6202000e+01
   4.4847000e+01
   4.4286000e+01
   4.3375000e+01
   4.4613000e+01
   4.4662000e+01
   4.6457000e+01
   4.7229000e+01
   4.6648000e+01
   4.6611000e+01
   4.6148000e+01
   4.5017000e+01
   4.2187000e+01
   4.4245000e+01
   4.4579000e+01
   4.3010000e+01
   4.0695000e+01
   3.9717000e+01
   4.0335000e+01
   4.0515000e+01
   4.2702000e+01
   4.3395000e+01
   4.2342000e+01
   3.9332000e+01
   3.8535000e+01
   3.8586000e+01
   3.9614000e+01
   3.8842000e+01
   3.8483000e+01
   3.9101000e+01
   3.9743000e+01
   4.0129000e+01
   3.9101000e+01
   3.7479000e+01
   3.7325000e+01
   3.9048000e+01
   3.8946000e+01
   3.7788000e+01
   3.7609000e+01
   3.8252000e+01
   3.9460000e+01
   3.8637000e+01
   3.8122000e+01
   3.7479000e+01
   3.7609000e+01
   3.6707000e+01
   3.4984000e+01
   3.4496000e+01
   3.3442000e+01
   3.2953000e+01
   3.3956000e+01
   3.3956000e+01
   3.2103000e+01
   2.9839000e+01
   2.7781000e+01
   3.0251000e+01
   3.1588000e+01
   3.1075000e+01
   2.9685000e+01
   2.9326000e+01
   2.9685000e+01
   3.0302000e+01
   2.4900000e+01
   2.6033000e+01
   2.7010000e+01
   2.4695000e+01
   2.2431000e+01
   2.1865000e+01
   1.9190000e+01
   1.9643000e+01
   1.7080000e+01
   1.5691000e+01
   1.5691000e+01
   1.6566000e+01
   1.3891000e+01
   1.5800000e+01
   1.5044000e+01
   1.3546000e+01
   1.2101000e+01
   1.1313000e+01
   1.0865000e+01
   1.0546000e+01
   1.2604000e+01
   1.4404000e+01
   1.6257000e+01
   1.4663000e+01
   1.5892000e+01
   1.5182000e+01
   1.5949000e+01
   1.4611000e+01
   1.4199000e+01
   1.5356000e+01
   1.4508000e+01
   1.2604000e+01
   1.3660000e+01
   1.3475000e+01
   1.3269000e+01
   1.2604000e+01
   1.1833000e+01
   1.1931000e+01
   1.2352000e+01
   1.3582000e+01
   1.3480000e+01
   1.4364000e+01
   1.4766000e+01
   1.4869000e+01
   1.3685000e+01
   1.4663000e+01
   1.3891000e+01
   1.3886000e+01
   1.4410000e+01
   1.4410000e+01
   1.4714000e+01
   1.5310000e+01
   1.4462000e+01
   1.5280000e+01
   1.5691000e+01
   1.6387000e+01
   1.4919000e+01
   1.4663000e+01
   1.4976000e+01
   1.4046000e+01
   1.4225000e+01
   1.4663000e+01
   1.4663000e+01
   1.5275000e+01
   1.5949000e+01
   1.7029000e+01
   1.6453000e+01
   1.7133000e+01
   1.6772000e+01
   1.5640000e+01
   1.6288000e+01
   1.5229000e+01
   1.5949000e+01
   1.6308000e+01
   1.5949000e+01
   1.5938000e+01
   1.6566000e+01
   1.4251000e+01
   1.4302000e+01
   1.5747000e+01
   1.5537000e+01
   1.5429000e+01
   1.5229000e+01
   1.5229000e+01
   1.5146000e+01
   1.5125000e+01
   1.6207000e+01
   1.7389000e+01
   1.8445000e+01
   1.8831000e+01
   1.8063000e+01
   1.7544000e+01
   1.7183000e+01
   1.7235000e+01
   1.7389000e+01
   1.7287000e+01
   1.7904000e+01
   1.7167000e+01
   1.7642000e+01
   1.7029000e+01
   1.7507000e+01
   1.6926000e+01
   1.7851000e+01
   1.7493000e+01
   1.8007000e+01
   1.9550000e+01
   2.2175000e+01
   2.1135000e+01
   2.2123000e+01
   2.1788000e+01
   2.3202000e+01
   2.2230000e+01
   2.2792000e+01
   2.2328000e+01
   2.2792000e+01
   2.2586000e+01
   2.2349000e+01
   2.3255000e+01
   2.4592000e+01
   2.6238000e+01
   2.5642000e+01
   2.6212000e+01
   2.5671000e+01
   2.2740000e+01
   2.3151000e+01
   2.3666000e+01
   2.4798000e+01
   2.6238000e+01
   2.8296000e+01
   2.7756000e+01
   2.5462000e+01
   2.7910000e+01
   2.8296000e+01
   2.9582000e+01
   3.0508000e+01
   2.9505000e+01
   2.8322000e+01
   2.7010000e+01
   2.8039000e+01
   2.8811000e+01
   2.8244000e+01
   2.9248000e+01
   2.8811000e+01
   2.9274000e+01
   3.0611000e+01
   3.1022000e+01
   3.2874000e+01
   3.2309000e+01
   3.3132000e+01
   3.3956000e+01
   3.6528000e+01
   3.5550000e+01
   3.5344000e+01
   3.3286000e+01
   3.5628000e+01
   3.4984000e+01
   3.6270000e+01
   3.6811000e+01
   3.6785000e+01
   3.6014000e+01
   3.7377000e+01
   3.6065000e+01
   3.6863000e+01
   3.6476000e+01
   3.6504000e+01
   3.7557000e+01
   3.8535000e+01
   3.9820000e+01
   3.8766000e+01
   3.9794000e+01
   3.9820000e+01
   3.8946000e+01
   4.1210000e+01
   4.3525000e+01
   4.4451000e+01
   4.2855000e+01
   4.5120000e+01
   4.2238000e+01
   4.2083000e+01
   4.2702000e+01
   3.8020000e+01
   3.9769000e+01
   4.2213000e+01
   4.2575000e+01
   4.3215000e+01
   4.4193000e+01
   4.2393000e+01
   4.2859000e+01
   4.1158000e+01
   3.8589000e+01
   3.9869000e+01
   3.9591000e+01
   4.1107000e+01
   4.2134000e+01
   4.0129000e+01
   4.2279000e+01
   4.4061000e+01
   4.4936000e+01
   4.5298000e+01
   4.6447000e+01
   4.8289000e+01
   4.8258000e+01
   4.7171000e+01
   4.9376000e+01
   5.0915000e+01
   5.0886000e+01
   4.8258000e+01
   4.9164000e+01
   5.1852000e+01
   5.2969000e+01
   5.5566000e+01
   5.7378000e+01
   5.6169000e+01
   5.4661000e+01
   5.4388000e+01
   5.2064000e+01
   4.8439000e+01
   5.1640000e+01
   5.2094000e+01
   5.0613000e+01
   5.0523000e+01
   5.0010000e+01
   5.1036000e+01
   5.1762000e+01
   5.4449000e+01
   5.4358000e+01
   5.4298000e+01
   5.2064000e+01
   5.2546000e+01
   5.2033000e+01
   5.2365000e+01
   5.0734000e+01
   5.0131000e+01
   5.0402000e+01
   5.1036000e+01
   5.2546000e+01
   5.2969000e+01
   5.4298000e+01
   5.3151000e+01
   5.0734000e+01
   5.1098000e+01
   5.1339000e+01
   5.3332000e+01
   5.1943000e+01
   5.1399000e+01
   5.1640000e+01
   5.4661000e+01
   5.4058000e+01
   5.3151000e+01
   5.2246000e+01
   5.2909000e+01
   5.1943000e+01
   5.2335000e+01
   5.1822000e+01
   5.1640000e+01
   5.1943000e+01
   5.3151000e+01
   5.3151000e+01
   5.2999000e+01
   5.4298000e+01
   5.4962000e+01
   5.4932000e+01
   5.7348000e+01
   5.7288000e+01
   5.7983000e+01
   5.9221000e+01
   5.9070000e+01
   5.9493000e+01
   6.1607000e+01
   6.1607000e+01
   6.0399000e+01
   5.8587000e+01
   5.5989000e+01
   5.9372000e+01
   5.9191000e+01
   5.8888000e+01
   5.8194000e+01
   5.8617000e+01
   6.1184000e+01
   6.1607000e+01
   6.3298000e+01
   6.2814000e+01
   6.3841000e+01
   6.6016000e+01
   6.6076000e+01
   6.6256000e+01
   6.4748000e+01
   6.3539000e+01
   6.5834000e+01
   6.5834000e+01
   6.5714000e+01
   6.5773000e+01
   6.2210000e+01
   6.4566000e+01
   6.5533000e+01
   6.5834000e+01
   6.5954000e+01
   6.5653000e+01
   6.6256000e+01
   6.5290000e+01
   6.4626000e+01
   6.2513000e+01
   6.1184000e+01
   6.2210000e+01
   6.0399000e+01
   6.1788000e+01
   6.0821000e+01
   5.9855000e+01
   5.9070000e+01
   6.0580000e+01
   6.2029000e+01
   6.2513000e+01
   6.3780000e+01
   6.5170000e+01
   6.4748000e+01
   6.4807000e+01
   6.5593000e+01
   6.4505000e+01
   6.3419000e+01
   6.3661000e+01
   6.3962000e+01
   6.5110000e+01
   6.3962000e+01
   6.4626000e+01
   6.4324000e+01
   6.4384000e+01
   6.5653000e+01
   6.4566000e+01
   6.4203000e+01
   6.2210000e+01
   6.2088000e+01
   6.1547000e+01
   6.0337000e+01
   6.0307000e+01
   5.8498000e+01
   5.8224000e+01
   5.9795000e+01
   6.1123000e+01
   5.9403000e+01
   5.4419000e+01
   5.3694000e+01
   5.3996000e+01
   5.5566000e+01
   5.5476000e+01
   5.4962000e+01
   5.4992000e+01
   5.5989000e+01
   5.7258000e+01
   5.7258000e+01
   5.6653000e+01
   5.9039000e+01
   5.8344000e+01
   5.6805000e+01
   5.6774000e+01
   5.7378000e+01
   5.9251000e+01
   5.9674000e+01
   6.0277000e+01
   6.0399000e+01
   6.1063000e+01
   6.1847000e+01
   6.1425000e+01
   6.1366000e+01
   6.1727000e+01
   6.2150000e+01
   6.1304000e+01
   6.1486000e+01
   6.2693000e+01
   6.1486000e+01
   6.1969000e+01
   6.1123000e+01
   6.1788000e+01
   6.2814000e+01
   6.2391000e+01
   6.3237000e+01
   6.3962000e+01
   6.4626000e+01
   6.3476000e+01
   6.4807000e+01
   6.6256000e+01
   6.6137000e+01
   6.5533000e+01
   6.5773000e+01
   6.7585000e+01
   6.9820000e+01
   7.0303000e+01
   7.0667000e+01
   6.9458000e+01
   6.7405000e+01
   6.8854000e+01
   7.0486000e+01
   6.7646000e+01
   6.6804000e+01
   6.8854000e+01
   6.8613000e+01
   6.6438000e+01
   6.6982000e+01
   6.7950000e+01
   6.6921000e+01
   6.3117000e+01
   6.0096000e+01
   5.8465000e+01
   6.2029000e+01
   6.2995000e+01
   6.2210000e+01
   6.3962000e+01
   6.2271000e+01
   5.9191000e+01
   6.1123000e+01
   5.8587000e+01
   5.6895000e+01
   5.4962000e+01
   5.7017000e+01
   5.4298000e+01
   5.5566000e+01
   5.7107000e+01
   5.9312000e+01
   5.9189000e+01
   5.9010000e+01
   5.7228000e+01
   5.8404000e+01
   5.5445000e+01
   5.5688000e+01
   5.4964000e+01
   5.5052000e+01
   5.7832000e+01
   5.8466000e+01
   5.8822000e+01
   6.0629000e+01
   5.8322000e+01
   5.7544000e+01
   5.9819000e+01
   5.9132000e+01
   5.7358000e+01
   5.6982000e+01
   5.6579000e+01
   5.7544000e+01
   5.6703000e+01
   5.5581000e+01
   5.4958000e+01
   5.5956000e+01
   5.7076000e+01
   5.7326000e+01
   5.7358000e+01
   5.8261000e+01
   5.7980000e+01
   5.7919000e+01
   5.9009000e+01
   5.9975000e+01
   5.9196000e+01
   5.9632000e+01
   5.8042000e+01
   5.8945000e+01
   5.9381000e+01
   6.1750000e+01
   6.5489000e+01
   6.5177000e+01
   6.6671000e+01
   6.6174000e+01
   6.6174000e+01
   6.5987000e+01
   6.6985000e+01
   6.8479000e+01
   6.7608000e+01
   6.8542000e+01
   6.8418000e+01
   6.8542000e+01
   6.7918000e+01
   6.5801000e+01
   6.4368000e+01
   6.7358000e+01
   6.7171000e+01
   6.7233000e+01
   6.7856000e+01
   6.7732000e+01
   6.6049000e+01
   6.5489000e+01
   6.5426000e+01
   6.4554000e+01
   6.4554000e+01
   6.5115000e+01
   6.6860000e+01
   6.5052000e+01
   6.6424000e+01
   6.7732000e+01
   6.8542000e+01
   6.9227000e+01
   6.9477000e+01
   6.8666000e+01
   6.9165000e+01
   6.9602000e+01
   7.0536000e+01
   7.2156000e+01
   7.1782000e+01
   7.2219000e+01
   7.2904000e+01
   7.2281000e+01
   7.2094000e+01
   7.2156000e+01
   7.2094000e+01
   7.1096000e+01
   7.2281000e+01
   7.0536000e+01
   7.1844000e+01
   7.3028000e+01
   7.3153000e+01
   7.4836000e+01
   7.4461000e+01
   7.7888000e+01
   7.8886000e+01
   7.7266000e+01
   7.7078000e+01
   7.6019000e+01
   7.9259000e+01
   8.1940000e+01
   8.1940000e+01
   8.1564000e+01
   8.1130000e+01
   7.8387000e+01
   7.9072000e+01
   7.8387000e+01
   8.0132000e+01
   8.0754000e+01
   8.0256000e+01
   7.9072000e+01
   7.8515000e+01
   8.0381000e+01
   8.1753000e+01
   8.1378000e+01
   8.3995000e+01
   8.3808000e+01
   8.4119000e+01
   8.8233000e+01
   8.3122000e+01
   8.5365000e+01
   8.5365000e+01
   8.2499000e+01
   8.5241000e+01
   8.6799000e+01
   8.6862000e+01
   8.4867000e+01
   8.5677000e+01
   8.5552000e+01
   8.5552000e+01
   8.5180000e+01
   8.5116000e+01
   8.5303000e+01
   8.7297000e+01
   8.8792000e+01
   9.0413000e+01
   9.5336000e+01
   9.7831000e+01
   1.0006000e+02
   9.8516000e+01
   1.0106000e+02
   1.0156000e+02
   1.0006000e+02
   9.8389000e+01
   9.6331000e+01
   9.7645000e+01
   9.8644000e+01
   1.0150000e+02
   1.0213000e+02
   1.0113000e+02
   1.0089000e+02
   1.0312000e+02
   1.0406000e+02
   1.0480000e+02
   1.0767000e+02
   1.0630000e+02
   1.0530000e+02
   1.0256000e+02
   1.0156000e+02
   1.0288000e+02
   1.0499000e+02
   1.1322000e+02
   1.1141000e+02
   1.0955000e+02
   1.1216000e+02
   1.1770000e+02
   1.1092000e+02
   1.0836000e+02
   1.1048000e+02
   1.0905000e+02
   1.0480000e+02
   1.0343000e+02
   1.0743000e+02
   1.0562000e+02
   1.0855000e+02
   1.1098000e+02
   1.0841000e+02
   1.0880000e+02
   1.1023000e+02
   1.0955000e+02
   1.0949000e+02
   1.1036000e+02
   1.0723000e+02
   1.1122000e+02
   1.1016000e+02
   1.1023000e+02
   1.0773000e+02
   1.0336000e+02
   1.0492000e+02
   1.0444000e+02
   1.0269000e+02
   1.0095000e+02
   1.0319000e+02
   1.0599000e+02
   1.1029000e+02
   1.0816000e+02
   1.1085000e+02
   1.1546000e+02
   1.1310000e+02
   1.1341000e+02
   1.1036000e+02
   1.0767000e+02
   1.0343000e+02
   1.0593000e+02
   1.0574000e+02
   1.0686000e+02
   1.0692000e+02
   1.0999000e+02
   1.1029000e+02
   1.0959000e+02
   1.0929000e+02
   1.1122000e+02
   1.1460000e+02
   1.1434000e+02
   1.1503000e+02
   1.1533000e+02
   1.1284000e+02
   1.1284000e+02
   1.1622000e+02
   1.1578000e+02
   1.1758000e+02
   1.1902000e+02
   1.2226000e+02
   1.2175000e+02
   1.1882000e+02
   1.1958000e+02
   1.1964000e+02
   1.1970000e+02
   1.2132000e+02
   1.1819000e+02
   1.2039000e+02
   1.2388000e+02
   1.2232000e+02
   1.2299000e+02
   1.2299000e+02
   1.2275000e+02
   1.2201000e+02
   1.2069000e+02
   1.1858000e+02
   1.1409000e+02
   1.1528000e+02
   1.1496000e+02
   1.1715000e+02
   1.1347000e+02
   1.1465000e+02
   1.1253000e+02
   1.1310000e+02
   1.1216000e+02
   1.1372000e+02
   1.1372000e+02
   1.1098000e+02
   1.1259000e+02
   1.1210000e+02
   1.1652000e+02
   1.1708000e+02
   1.1839000e+02
   1.1839000e+02
   1.2056000e+02
   1.1795000e+02
   1.1896000e+02
   1.1902000e+02
   1.1833000e+02
   1.1920000e+02
   1.1845000e+02
   1.1964000e+02
   1.1720000e+02
   1.1683000e+02
   1.1652000e+02
   1.1676000e+02
   1.1708000e+02
   1.1528000e+02
   1.1528000e+02
   1.1528000e+02
   1.1652000e+02
   1.1715000e+02
   1.1715000e+02
   1.1839000e+02
   1.2089000e+02
   1.2324000e+02
   1.2338000e+02
   1.2299000e+02
   1.2331000e+02
   1.2471000e+02
   1.2916000e+02
   1.2795000e+02
   1.2283000e+02
   1.2668000e+02
   1.2727000e+02
   1.2727000e+02
   1.2795000e+02
   1.2708000e+02
   1.2761000e+02
   1.2701000e+02
   1.2674000e+02
   1.2708000e+02
   1.2532000e+02
   1.2471000e+02
   1.2505000e+02
   1.2802000e+02
   1.2949000e+02
   1.2606000e+02
   1.2432000e+02
   1.2148000e+02
   1.0652000e+02
   1.1191000e+02
   1.1460000e+02
   1.1528000e+02
   1.1055000e+02
   1.0955000e+02
   1.1002000e+02
   1.0854000e+02
   1.0913000e+02
   1.0281000e+02
   1.0199000e+02
   1.0652000e+02
   1.0610000e+02
   1.0652000e+02
   1.0752000e+02
   1.0873000e+02
   1.1204000e+02
   1.1521000e+02
   1.1790000e+02
   1.1318000e+02
   1.0908000e+02
   1.1143000e+02
   1.1399000e+02
   1.1568000e+02
   1.1690000e+02
   1.1022000e+02
   1.0657000e+02
   1.0449000e+02
   1.0766000e+02
   1.1413000e+02
   1.0705000e+02
   1.0678000e+02
   1.0894000e+02
   1.0516000e+02
   9.2356000e+01
   8.5749000e+01
   9.1010000e+01
   9.0735000e+01
   9.0198000e+01
   8.9590000e+01
   8.5343000e+01
   8.1568000e+01
   8.2580000e+01
   8.2715000e+01
   8.8984000e+01
   9.3031000e+01
   9.5725000e+01
   9.4307000e+01
   9.8957000e+01
   9.6740000e+01
   1.0025000e+02
   9.7072000e+01
   9.7752000e+01
   9.2694000e+01
   9.1947000e+01
   9.8350000e+01
   1.0098000e+02
   9.8556000e+01
   1.0382000e+02
   1.0685000e+02
   1.0550000e+02
   1.0025000e+02
   1.0180000e+02
   1.0854000e+02
   1.0854000e+02
   1.0927000e+02
   1.1264000e+02
   1.0652000e+02
   1.1109000e+02
   1.0988000e+02
   1.1393000e+02
   1.1345000e+02
   1.1123000e+02
   9.0265000e+01
   8.9995000e+01
   8.7298000e+01
   8.5142000e+01
   8.4805000e+01
   8.8647000e+01
   8.7770000e+01
   8.5546000e+01
   8.9253000e+01
   9.0198000e+01
   8.8309000e+01
   8.8715000e+01
   8.5276000e+01
   8.2917000e+01
   8.1366000e+01
   8.3591000e+01
   8.3659000e+01
   8.3120000e+01
   8.1705000e+01
   7.3546000e+01
   7.0648000e+01
   7.1322000e+01
   7.3143000e+01
   7.5838000e+01
   7.7254000e+01
   7.7861000e+01
   7.5838000e+01
   7.3008000e+01
   7.4760000e+01
   7.4558000e+01
   7.9748000e+01
   7.7456000e+01
   7.7995000e+01
   7.7321000e+01
   7.6109000e+01
   7.7120000e+01
   7.7456000e+01
   8.3523000e+01
   8.2242000e+01
   8.5681000e+01
   8.7501000e+01
   8.8175000e+01
   8.7501000e+01
   8.7232000e+01
   8.6961000e+01
   8.8377000e+01
   8.7232000e+01
   8.8916000e+01
   9.0265000e+01
   9.2083000e+01
   9.4378000e+01
   9.7478000e+01
   9.6398000e+01
   9.6540000e+01
   9.6464000e+01
   9.5924000e+01
   9.6066000e+01
   9.4378000e+01
   9.2557000e+01
   9.1947000e+01
   9.2958000e+01
   9.1010000e+01
   9.1683000e+01
   9.3296000e+01
   9.5052000e+01
   9.4720000e+01
   9.3296000e+01
   9.3970000e+01
   9.6740000e+01
   9.6740000e+01
   1.0031000e+02
   9.9104000e+01
   1.0145000e+02
   1.0159000e+02
   9.8683000e+01
   9.4777000e+01
   9.7615000e+01
   9.9570000e+01
   9.8428000e+01
   9.9770000e+01
   1.0240000e+02
   1.0382000e+02
   1.0368000e+02
   1.0314000e+02
   1.0112000e+02
   1.0010000e+02
   9.9104000e+01
   9.7615000e+01
   9.7674000e+01
   1.0112000e+02
   9.8428000e+01
   9.5450000e+01
   9.5317000e+01
   9.7615000e+01
   9.8350000e+01
   9.7337000e+01
   9.5725000e+01
   9.6806000e+01
   9.3031000e+01
   9.4919000e+01
   9.6199000e+01
   9.3094000e+01
   9.3705000e+01
   9.5592000e+01
   9.3705000e+01
   9.2621000e+01
   9.3705000e+01
   9.1610000e+01
   9.2020000e+01
   9.1610000e+01
   9.1010000e+01
   9.3368000e+01
   9.3705000e+01
   9.2356000e+01
   8.9524000e+01
   9.0265000e+01
   8.8107000e+01
   8.7635000e+01
   8.7298000e+01
   8.6423000e+01
   8.5883000e+01
   8.1906000e+01
   8.4063000e+01
   7.9681000e+01
   8.1568000e+01
   8.3254000e+01
   8.1636000e+01
   8.0624000e+01
   8.0489000e+01
   8.0895000e+01
   8.1568000e+01
   8.2242000e+01
   8.4603000e+01
   8.6288000e+01
   8.3860000e+01
   8.6287000e+01
   8.5617000e+01
   8.7770000e+01
   9.3031000e+01
   9.1683000e+01
   9.5791000e+01
   9.6266000e+01
   9.6398000e+01
   9.8624000e+01
   9.7674000e+01
   1.0045000e+02
   9.8350000e+01
   9.5791000e+01
   9.8428000e+01
   9.7674000e+01
   9.9770000e+01
   1.0071000e+02
   9.7948000e+01
   9.8223000e+01
   9.8761000e+01
   1.0111000e+02
   1.0173000e+02
   1.0314000e+02
   1.0173000e+02
   9.9560000e+01
   9.9104000e+01
   1.0036000e+02
   9.9271000e+01
   9.9600000e+01
   9.8683000e+01
   9.9182000e+01
   9.8438000e+01
   9.8849000e+01
   9.6758000e+01
   9.4334000e+01
   9.3659000e+01
   9.7090000e+01
   1.0053000e+02
   1.0472000e+02
   1.0723000e+02
   1.0514000e+02
   1.0648000e+02
   1.0414000e+02
   1.0723000e+02
   1.0823000e+02
   1.0740000e+02
   1.0723000e+02
   1.0840000e+02
   1.0723000e+02
   1.0781000e+02
   1.0925000e+02
   1.1318000e+02
   1.1251000e+02
   1.1394000e+02
   1.1468000e+02
   1.1493000e+02
   1.1226000e+02
   1.1074000e+02
   1.1083000e+02
   1.1125000e+02
   1.0950000e+02
   1.0858000e+02
   1.0975000e+02
   1.1175000e+02
   1.1142000e+02
   1.1310000e+02
   1.1570000e+02
   1.1644000e+02
   1.1787000e+02
   1.1996000e+02
   1.2097000e+02
   1.2566000e+02
   1.2582000e+02
   1.2734000e+02
   1.2833000e+02
   1.2859000e+02
   1.2734000e+02
   1.2649000e+02
   1.2633000e+02
   1.2297000e+02
   1.2332000e+02
   1.2658000e+02
   1.2717000e+02
   1.2968000e+02
   1.3068000e+02
   1.3169000e+02
   1.2783000e+02
   1.3035000e+02
   1.3103000e+02
   1.2885000e+02
   1.3068000e+02
   1.3202000e+02
   1.3211000e+02
   1.3379000e+02
   1.3487000e+02
   1.3839000e+02
   1.4065000e+02
   1.3571000e+02
   1.3512000e+02
   1.3169000e+02
   1.3471000e+02
   1.3228000e+02
   1.3370000e+02
   1.3252000e+02
   1.3354000e+02
   1.3614000e+02
   1.3487000e+02
   1.3748000e+02
   1.3739000e+02
   1.3780000e+02
   1.3823000e+02
   1.3823000e+02
   1.3923000e+02
   1.3990000e+02
   1.4074000e+02
   1.4133000e+02
   1.4325000e+02
   1.4878000e+02
   1.5120000e+02
   1.4812000e+02
   1.4954000e+02
   1.5079000e+02
   1.5289000e+02
   1.4770000e+02
   1.4786000e+02
   1.4845000e+02
   1.4912000e+02
   1.5087000e+02
   1.5441000e+02
   1.5205000e+02
   1.5004000e+02
   1.4794000e+02
   1.5096000e+02
   1.5533000e+02
   1.5808000e+02
   1.5850000e+02
   1.5918000e+02
   1.5900000e+02
   1.6168000e+02
   1.6193000e+02
   1.5800000e+02
   1.5884000e+02
   1.5918000e+02
   1.6253000e+02
   1.6177000e+02
   1.6168000e+02
   1.6168000e+02
   1.6085000e+02
   1.6177000e+02
   1.6076000e+02
   1.6093000e+02
   1.6085000e+02
   1.5833000e+02
   1.5397000e+02
   1.5783000e+02
   1.6085000e+02
   1.5783000e+02
   1.5891000e+02
   1.5675000e+02
   1.6067000e+02
   1.6127000e+02
   1.5749000e+02
   1.5524000e+02
   1.5539000e+02
   1.5749000e+02
   1.5791000e+02
   1.5918000e+02
   1.5826000e+02
   1.5875000e+02
   1.5583000e+02
   1.5783000e+02
   1.5918000e+02
   1.5749000e+02
   1.5850000e+02
   1.5808000e+02
   1.5557000e+02
   1.5616000e+02
   1.5732000e+02
   1.5657000e+02
   1.5247000e+02
   1.5037000e+02
   1.5079000e+02
   1.5079000e+02
   1.5189000e+02
   1.5498000e+02
   1.4912000e+02
   1.4568000e+02
   1.4408000e+02
   1.4660000e+02
   1.4618000e+02
   1.4568000e+02
   1.4660000e+02
   1.4408000e+02
   1.4611000e+02
   1.4560000e+02
   1.4577000e+02
   1.4074000e+02
   1.3964000e+02
   1.3563000e+02
   1.3789000e+02
   1.3211000e+02
   1.3487000e+02
   1.2917000e+02
   1.2901000e+02
   1.3068000e+02
   1.3252000e+02
   1.3119000e+02
   1.3035000e+02
   1.3362000e+02
   1.3563000e+02
   1.3237000e+02
   1.3278000e+02
   1.3663000e+02
   1.3881000e+02
   1.3404000e+02
   1.2750000e+02
   1.1727000e+02
   1.1812000e+02
   1.2039000e+02
   1.2063000e+02
   1.2021000e+02
   1.2071000e+02
   1.2273000e+02
   1.2382000e+02
   1.2231000e+02
   1.2223000e+02
   1.2273000e+02
   1.2260000e+02
   1.2394000e+02
   1.2558000e+02
   1.2474000e+02
   1.2231000e+02
   1.2164000e+02
   1.2273000e+02
   1.2063000e+02
   1.1816000e+02
   1.1937000e+02
   1.1611000e+02
   1.2063000e+02
   1.1804000e+02
   1.1854000e+02
   1.1993000e+02
   1.2273000e+02
   1.2474000e+02
   1.2448000e+02
   1.2398000e+02
   1.2273000e+02
   1.2273000e+02
   1.2398000e+02
   1.2398000e+02
   1.2792000e+02
   1.2818000e+02
   1.2545000e+02
   1.2558000e+02
   1.2780000e+02
   1.3027000e+02
   1.2755000e+02
   1.2741000e+02
   1.1603000e+02
   1.0747000e+02
   1.0053000e+02
   1.0346000e+02
   1.0010000e+02
   1.0304000e+02
   1.0053000e+02
   1.0346000e+02
   1.0576000e+02
   1.0556000e+02
   1.0639000e+02
   1.0883000e+02
   1.0556000e+02
   1.0598000e+02
   1.0467000e+02
   1.0612000e+02
   1.0748000e+02
   1.0839000e+02
   1.0977000e+02
   1.0649000e+02
   1.0430000e+02
   1.0257000e+02
   1.0512000e+02
   1.0567000e+02
   1.0694000e+02
   1.0654000e+02
   1.0417000e+02
   1.0285000e+02
   1.0402000e+02
   1.0247000e+02
   1.0202000e+02
   1.0366000e+02
   1.0771000e+02
   1.0767000e+02
   1.0457000e+02
   1.0594000e+02
   1.0935000e+02
   1.1386000e+02
   1.1715000e+02
   1.1482000e+02
   1.1414000e+02
   1.1341000e+02
   1.1095000e+02
   1.1204000e+02
   1.1241000e+02
   1.1751000e+02
   1.1842000e+02
   1.1727000e+02
   1.1414000e+02
   1.1432000e+02
   1.1273000e+02
   1.1414000e+02
   1.1751000e+02
   1.1395000e+02
   1.1159000e+02
   1.0703000e+02
   1.1187000e+02
   1.1541000e+02
   1.1369000e+02
   1.1341000e+02
   1.1478000e+02
   1.1468000e+02
   1.1154000e+02
   1.1327000e+02
   1.1760000e+02
   1.1632000e+02
   1.1432000e+02
   1.1304000e+02
   1.1295000e+02
   1.1372000e+02
   1.1578000e+02
   1.1204000e+02
   1.1222000e+02
   1.1076000e+02
   1.0931000e+02
   1.0922000e+02
   1.0912000e+02
   1.0767000e+02
   1.0776000e+02
   1.0977000e+02
   1.1364000e+02
   1.1122000e+02
   1.1254000e+02
   1.1204000e+02
   1.1177000e+02
   1.1191000e+02
   1.1113000e+02
   1.1295000e+02
   1.1195000e+02
   1.1154000e+02
   1.1167000e+02
   1.1159000e+02
   1.1177000e+02
   1.1349000e+02
   1.1250000e+02
   1.1359000e+02
   1.1404000e+02
   1.1258000e+02
   1.1369000e+02
   1.1236000e+02
   1.1295000e+02
   1.0740000e+02
   1.0589000e+02
   1.0622000e+02
   1.0977000e+02
   1.1063000e+02
   1.0931000e+02
   1.0977000e+02
   1.1081000e+02
   1.1113000e+02
   1.1117000e+02
   1.1095000e+02
   1.1068000e+02
   1.0694000e+02
   1.0785000e+02
   1.0567000e+02
   1.0288000e+02
   1.0398000e+02
   1.0239000e+02
   1.0389000e+02
   1.0548000e+02
   1.0567000e+02
   1.0498000e+02
   1.0402000e+02
   1.0384000e+02
   1.0452000e+02
   1.0412000e+02
   1.0630000e+02
   1.0430000e+02
   1.0476000e+02
   1.0516000e+02
   1.0639000e+02
   1.0821000e+02
   1.0785000e+02
   1.0694000e+02
   1.0484000e+02
   1.0553000e+02
   1.0230000e+02
   1.0230000e+02
   1.0293000e+02
   1.0430000e+02
   1.0384000e+02
   1.0425000e+02
   1.0430000e+02
   1.0398000e+02
   1.0357000e+02
   1.0357000e+02
   1.0338000e+02
   9.9466000e+01
   1.0106000e+02
   1.0202000e+02
   9.8379000e+01
   9.9192000e+01
   9.9290000e+01
   9.6740000e+01
   9.6189000e+01
   9.7147000e+01
   9.8379000e+01
   9.7468000e+01
   9.5601000e+01
   9.5648000e+01
   9.9114000e+01
   1.0065000e+02
   1.0311000e+02
   1.0603000e+02
   1.0384000e+02
   1.0348000e+02
   1.0489000e+02
   1.0471000e+02
   1.0448000e+02
   1.0384000e+02
   1.0425000e+02
   1.0353000e+02
   1.0321000e+02
   1.0302000e+02
   1.0575000e+02
   1.1013000e+02
   1.1022000e+02
   1.0398000e+02
   1.0111000e+02
   9.5648000e+01
   9.4324000e+01
   9.2093000e+01
   9.2731000e+01
   9.5877000e+01
   9.4919000e+01
   9.2048000e+01
   9.2366000e+01
   9.2731000e+01
   9.3642000e+01
   9.7468000e+01
   9.7015000e+01
   9.6559000e+01
   9.8203000e+01
   9.9290000e+01
   9.9290000e+01
   9.9290000e+01
   9.6559000e+01
   9.6511000e+01
   9.8379000e+01
   1.0170000e+02
   1.0538000e+02
   1.0331000e+02
   1.0393000e+02
   1.0412000e+02
   1.0257000e+02
   1.0161000e+02
   1.0242000e+02
   1.0430000e+02
   1.0398000e+02
   1.0402000e+02
   1.0166000e+02
   1.0184000e+02
   1.0235000e+02
   1.0061000e+02
   1.0065000e+02
   1.0166000e+02
   1.0052000e+02
   1.0111000e+02
   1.0192000e+02
   1.0180000e+02
   1.0639000e+02
   1.0612000e+02
   1.0302000e+02
   1.0521000e+02
   1.0412000e+02
   1.0548000e+02
   1.0530000e+02
   1.0630000e+02
   1.0657000e+02
   1.0713000e+02
   1.0740000e+02
   1.0699000e+02
   1.0575000e+02
   1.0662000e+02
   1.0630000e+02
   1.0758000e+02
   1.0977000e+02
   1.1072000e+02
   1.1063000e+02
   1.0863000e+02
   1.0886000e+02
   1.0935000e+02
   1.0922000e+02
   1.0839000e+02
   1.0831000e+02
   1.1013000e+02
   1.1182000e+02
   1.1432000e+02
   1.1450000e+02
   1.1432000e+02
   1.1377000e+02
   1.1295000e+02
   1.1278000e+02
   1.1382000e+02
   1.1386000e+02
   1.1232000e+02
   1.1523000e+02
   1.1664000e+02
   1.1844000e+02
   1.1824000e+02
   1.1739000e+02
   1.1654000e+02
   1.1616000e+02
   1.1995000e+02
   1.2009000e+02
   1.2090000e+02
   1.2133000e+02
   1.2118000e+02
   1.2043000e+02
   1.2190000e+02
   1.2233000e+02
   1.2318000e+02
   1.2246000e+02
   1.2393000e+02
   1.2327000e+02
   1.2322000e+02
   1.2138000e+02
   1.2233000e+02
   1.2327000e+02
   1.2531000e+02
   1.2412000e+02
   1.2470000e+02
   1.2203000e+02
   1.2308000e+02
   1.2408000e+02
   1.2261000e+02
   1.2332000e+02
   1.2527000e+02
   1.2754000e+02
   1.2877000e+02
   1.2896000e+02
   1.2858000e+02
   1.2820000e+02
   1.2849000e+02
   1.3009000e+02
   1.3066000e+02
   1.2527000e+02
   1.2645000e+02
   1.2764000e+02
   1.2707000e+02
   1.2867000e+02
   1.2849000e+02
   1.2962000e+02
   1.2967000e+02
   1.2707000e+02
   1.2896000e+02
   1.2517000e+02
   1.1901000e+02
   1.2380000e+02
   1.2711000e+02
   1.2801000e+02
   1.2569000e+02
   1.2303000e+02
   1.2053000e+02
   1.2213000e+02
   1.2128000e+02
   1.1801000e+02
   1.2081000e+02
   1.1948000e+02
   1.1995000e+02
   1.1587000e+02
   1.1796000e+02
   1.1720000e+02
   1.1853000e+02
   1.1587000e+02
   1.1758000e+02
   1.1844000e+02
   1.1816000e+02
   1.1844000e+02
   1.1924000e+02
   1.2019000e+02
   1.1839000e+02
   1.2024000e+02
   1.1844000e+02
   1.2090000e+02
   1.1863000e+02
   1.1943000e+02
   1.2024000e+02
   1.2033000e+02
   1.2233000e+02
   1.2270000e+02
   1.2384000e+02
   1.2270000e+02
   1.2118000e+02
   1.2024000e+02
   1.1853000e+02
   1.1796000e+02
   1.1867000e+02
   1.1772000e+02
   1.1824000e+02
   1.1986000e+02
   1.1758000e+02
   1.1801000e+02
   1.1906000e+02
   1.1692000e+02
   1.1682000e+02
   1.2090000e+02
   1.1986000e+02
   1.2009000e+02
   1.2038000e+02
   1.2024000e+02
   1.1564000e+02
   1.1379000e+02
   1.1298000e+02
   1.1284000e+02
   1.1198000e+02
   1.1190000e+02
   1.0829000e+02
   1.0858000e+02
   1.0573000e+02
   1.0672000e+02
   1.0625000e+02
   1.0479000e+02
   1.0222000e+02
   1.0421000e+02
   1.0516000e+02
   1.0682000e+02
   1.0449000e+02
   1.0479000e+02
   1.0193000e+02
   1.0336000e+02
   1.0307000e+02
   1.0142000e+02
   1.0629000e+02
   1.0810000e+02
   1.0568000e+02
   1.0288000e+02
   9.8614000e+01
   9.6863000e+01
   9.6957000e+01
   9.8428000e+01
   9.8477000e+01
   9.9378000e+01
   1.0193000e+02
   1.0435000e+02
   9.9560000e+01
   1.0023000e+02
   9.7909000e+01
   9.7664000e+01
   9.9231000e+01
   1.0061000e+02
   1.0222000e+02
   1.0601000e+02
   1.0526000e+02
   1.0507000e+02
   1.0526000e+02
   1.0696000e+02
   1.0649000e+02
   1.0810000e+02
   1.0763000e+02
   1.0858000e+02
   1.1103000e+02
   1.1047000e+02
   1.1095000e+02
   1.1190000e+02
   1.1190000e+02
   1.1108000e+02
   1.1379000e+02
   1.1332000e+02
   1.1611000e+02
   1.1474000e+02
   1.1435000e+02
   1.1213000e+02
   1.1137000e+02
   1.1365000e+02
   1.1190000e+02
   1.1123000e+02
   1.0905000e+02
   1.0895000e+02
   1.1066000e+02
   1.0905000e+02
   1.0848000e+02
   1.0858000e+02
   1.0953000e+02
   1.1142000e+02
   1.1417000e+02
   1.1455000e+02
   1.1502000e+02
   1.1417000e+02
   1.1237000e+02
   1.1417000e+02
   1.1549000e+02
   1.1332000e+02
   1.1312000e+02
   1.1435000e+02
   1.1360000e+02
   1.1298000e+02
   1.1280000e+02
   1.1312000e+02
   1.1185000e+02
   1.1123000e+02
   1.1237000e+02
   1.1422000e+02
   1.1293000e+02
   1.1303000e+02
   1.1161000e+02
   1.1208000e+02
   1.1280000e+02
   1.1332000e+02
   1.1664000e+02
   1.1853000e+02
   1.1811000e+02
   1.2014000e+02
   1.2261000e+02
   1.2327000e+02
   1.2203000e+02
   1.2161000e+02
   1.2138000e+02
   1.2043000e+02
   1.2114000e+02
   1.2398000e+02
   1.2143000e+02
   1.2233000e+02
   1.2085000e+02
   1.2038000e+02
   1.1976000e+02
   1.2043000e+02
   1.1991000e+02
   1.2043000e+02
   1.1901000e+02
   1.1896000e+02
   1.1592000e+02
   1.1303000e+02
   1.1607000e+02
   1.1333000e+02
   1.1342000e+02
   1.1083000e+02
   1.0848000e+02
   1.0848000e+02
   1.1352000e+02
   1.1186000e+02
   1.1019000e+02
   1.1181000e+02
   1.1166000e+02
   1.1049000e+02
   1.1000000e+02
   1.0823000e+02
   1.0931000e+02
   1.1009000e+02
   1.0823000e+02
   1.0892000e+02
   1.0578000e+02
   1.0525000e+02
   1.0480000e+02
   1.0319000e+02
   1.0383000e+02
   1.0167000e+02
   1.0182000e+02
   9.5989000e+01
   9.9222000e+01
   1.0167000e+02
   1.0236000e+02
   1.0064000e+02
   9.9610000e+01
   1.0103000e+02
   1.0260000e+02
   1.0001000e+02
   9.7801000e+01
   9.6352000e+01
   8.9133000e+01
   8.6195000e+01
   8.8153000e+01
   9.5901000e+01
   9.6254000e+01
   9.2512000e+01
   9.2071000e+01
   9.2071000e+01
   9.2071000e+01
   9.1386000e+01
   9.3051000e+01
   8.8820000e+01
   9.1484000e+01
   9.2463000e+01
   9.1239000e+01
   9.1053000e+01
   9.3041000e+01
   8.9623000e+01
   8.8163000e+01
   8.5205000e+01
   8.2570000e+01
   8.2198000e+01
   7.8359000e+01
   7.0523000e+01
   7.3461000e+01
   7.1825000e+01
   7.7869000e+01
   7.7869000e+01
   7.5851000e+01
   7.5361000e+01
   7.5910000e+01
   7.8261000e+01
   7.6390000e+01
   7.6645000e+01
   8.1199000e+01
   8.1581000e+01
   8.3746000e+01
   8.1787000e+01
   8.2521000e+01
   8.4578000e+01
   8.6195000e+01
   8.8496000e+01
   8.5068000e+01
   8.4040000e+01
   7.8359000e+01
   7.8799000e+01
   8.0318000e+01
   7.9436000e+01
   7.3363000e+01
   7.7820000e+01
   8.1689000e+01
   7.9691000e+01
   7.8858000e+01
   8.1591000e+01
   8.7909000e+01
   8.7664000e+01
   9.1092000e+01
   9.4070000e+01
   9.0720000e+01
   9.2071000e+01
   9.2512000e+01
   9.3051000e+01
   9.0308000e+01
   8.8663000e+01
   9.1092000e+01
   9.0681000e+01
   9.3844000e+01
   9.7939000e+01
   9.4814000e+01
   9.1102000e+01
   9.2062000e+01
   8.9133000e+01
   8.8398000e+01
   9.1092000e+01
   9.1092000e+01
   9.1141000e+01
   8.9202000e+01
   8.7674000e+01
   8.7370000e+01
   8.4236000e+01
   7.5518000e+01
   7.5714000e+01
   7.1600000e+01
   7.7183000e+01
   7.6889000e+01
   7.5675000e+01
   7.2482000e+01
   7.2785000e+01
   7.3118000e+01
   7.2971000e+01
   7.3295000e+01
   7.1502000e+01
   7.1992000e+01
   7.2188000e+01
   6.6850000e+01
   6.6801000e+01
   6.5625000e+01
   6.0983000e+01
   5.8005000e+01
   5.8769000e+01
   6.1590000e+01
   6.0610000e+01
   5.9249000e+01
   5.9308000e+01
   6.0238000e+01
   5.8279000e+01
   5.9063000e+01
   6.0963000e+01
   6.1688000e+01
   6.1237000e+01
   6.1854000e+01
   6.4127000e+01
   5.8769000e+01
   5.9112000e+01
   5.6614000e+01
   5.6124000e+01
   5.1374000e+01
   5.1922000e+01
   5.4361000e+01
   5.4753000e+01
   5.4165000e+01
   5.0443000e+01
   5.3774000e+01
   5.2157000e+01
   5.1325000e+01
   5.2794000e+01
   5.4636000e+01
   5.3529000e+01
   5.5625000e+01
   5.6262000e+01
   5.5605000e+01
   5.5831000e+01
   5.5831000e+01
   5.5439000e+01
   5.7300000e+01
   5.8769000e+01
   6.0483000e+01
   5.9748000e+01
   5.7701000e+01
   5.6908000e+01
   5.6222000e+01
   5.9063000e+01
   5.9748000e+01
   5.9954000e+01
   6.4156000e+01
   6.5038000e+01
   6.7095000e+01
   6.7467000e+01
   6.6615000e+01
   6.3862000e+01
   6.5332000e+01
   6.6115000e+01
   6.6732000e+01
   6.7927000e+01
   6.5665000e+01
   7.3461000e+01
   7.4441000e+01
   7.4735000e+01
   7.1502000e+01
   7.1796000e+01
   7.1492000e+01
   7.1904000e+01
   7.1453000e+01
   7.1943000e+01
   7.2678000e+01
   7.3461000e+01
   7.3951000e+01
   7.4343000e+01
   7.5420000e+01
   7.4235000e+01
   7.4784000e+01
   7.3980000e+01
   7.4441000e+01
   7.4245000e+01
   7.3256000e+01
   7.1404000e+01
   6.8662000e+01
   6.9347000e+01
   6.6605000e+01
   6.5870000e+01
   6.8035000e+01
   7.0033000e+01
   7.1502000e+01
   7.0611000e+01
   6.8339000e+01
   7.0572000e+01
   7.2678000e+01
   7.5420000e+01
   7.3647000e+01
   7.3706000e+01
   7.1649000e+01
   7.1698000e+01
   7.1140000e+01
   7.1257000e+01
   7.2746000e+01
   6.8975000e+01
   6.8985000e+01
   6.6409000e+01
   6.6144000e+01
   6.5919000e+01
   6.4323000e+01
   6.4636000e+01
   6.1903000e+01
   6.3177000e+01
   6.6066000e+01
   6.3529000e+01
   6.1707000e+01
   6.1512000e+01
   6.0934000e+01
   6.1120000e+01
   6.2677000e+01
   6.4254000e+01
   6.1707000e+01
   6.0973000e+01
   5.8632000e+01
   5.6810000e+01
   5.7025000e+01
   5.9866000e+01
   5.9455000e+01
   5.9553000e+01
   6.1707000e+01
   5.9425000e+01
   5.8720000e+01
   5.8279000e+01
   5.8867000e+01
   5.8671000e+01
   5.8475000e+01
   5.9964000e+01
   6.0963000e+01
   6.1561000e+01
   6.1551000e+01
   5.5831000e+01
   6.0777000e+01
   6.1218000e+01
   6.2981000e+01
   6.4646000e+01
   6.5136000e+01
   6.5919000e+01
   6.7144000e+01
   6.5478000e+01
   6.5038000e+01
   6.6605000e+01
   6.7927100e+01
   7.0522800e+01
   7.0444400e+01
   7.2500000e+01
   7.3600000e+01
   7.4900000e+01
   7.6740000e+01
   7.5980000e+01
   7.5510000e+01
   7.6110000e+01
   7.7060000e+01
   7.6900000e+01
   7.6500000e+01
   7.9110000e+01
   7.9670000e+01
   7.9040000e+01
   7.9000000e+01
   7.8000000e+01
   7.7300000e+01
   7.8860000e+01
   7.9400000e+01
   7.9500000e+01
   7.8500000e+01
   7.9900000e+01
   7.9740000e+01
   7.8810000e+01
   7.9010000e+01
   7.7900000e+01
   7.8900000e+01
   7.6720000e+01
   7.6000000e+01
   7.6000000e+01
   7.6000000e+01
   7.4200000e+01
   7.4200000e+01
   7.3020000e+01
   7.2670000e+01
   7.4200000e+01
   7.2100000e+01
   7.3000000e+01
   7.5200000e+01
   7.6890000e+01
   7.8010000e+01
   7.5400000e+01
   7.1270000e+01
   7.2500000e+01
   7.0500000e+01
   7.1900000e+01
   7.2000000e+01
   7.0900000e+01
   7.0520000e+01
   7.1180000e+01
   7.2250000e+01
   7.4290000e+01
   7.3010000e+01
   7.3000000e+01
   7.2180000e+01
   7.4000000e+01
   7.3360000e+01
   7.4500000e+01
   7.3400000e+01
   7.3100000e+01
   7.3290000e+01
   7.2900000e+01
   7.3750000e+01
   7.4120000e+01
   7.2000000e+01
   7.2000000e+01
   7.1250000e+01
   6.9900000e+01
   6.8990000e+01
   6.9800000e+01
   6.9990000e+01
   6.8870000e+01
   6.9900000e+01
   7.2600000e+01
   7.1400000e+01
   7.1660000e+01
   7.0990000e+01
   7.1410000e+01
   7.0730000e+01
   6.9000000e+01
   6.9610000e+01
   7.2240000e+01
   7.2650000e+01
   7.4100000e+01
   8.7100000e+01
   9.0010000e+01
   8.2000000e+01
   8.2990000e+01
   8.2040000e+01
   8.1500000e+01
   8.3700000e+01
   8.5000000e+01
   8.6200000e+01
   8.8200000e+01
   8.9890000e+01
   9.0100000e+01
   8.7500000e+01
   8.6610000e+01
   8.8680000e+01
   8.6650000e+01
   8.9180000e+01
   9.2190000e+01
   9.6500000e+01
   9.4250000e+01
   9.8000000e+01
   9.7440000e+01
   9.6000000e+01
   9.5000000e+01
   9.3750000e+01
   9.1550000e+01
   8.8900000e+01
   9.0010000e+01
   9.3000000e+01
   9.0400000e+01
   9.2490000e+01
   9.0800000e+01
   9.2530000e+01
   9.2000000e+01
   9.2100000e+01
   9.2480000e+01
   9.3500000e+01
   9.4550000e+01
   9.6000000e+01
   9.5470000e+01
   9.6900000e+01
   1.0100000e+02
   1.0630000e+02
   1.0820000e+02
   1.0900000e+02
   1.0825000e+02
   1.0950000e+02
   1.1385000e+02
   1.1200000e+02
   1.1350000e+02
   1.1320000e+02
   1.1900000e+02
   1.2350000e+02
   1.2100000e+02
   1.2500000e+02
   1.2230000e+02
   1.2545000e+02
   1.2700000e+02
   1.2390000e+02
   1.2420000e+02
   1.2480000e+02
   1.2650000e+02
   1.2475000e+02
   1.2510000e+02
   1.3100000e+02
   1.3100000e+02
   1.2670000e+02
   1.2875000e+02
   1.2850000e+02
   1.2865000e+02
   1.2985000e+02
   1.3500000e+02
   1.3280000e+02
   1.3310000e+02
   1.3050000e+02
   1.3015000e+02
   1.3155000e+02
   1.3195000e+02
   1.2860000e+02
   1.2700000e+02
   1.2400000e+02
   1.1900000e+02
   1.1850000e+02
   1.1820000e+02
   1.2080000e+02
   1.2355000e+02
   1.2440000e+02
   1.2700000e+02
   1.2700000e+02
   1.2600000e+02
   1.2410000e+02
