 6.80585597e+00 1.41093839e-01
 -1.31676331e+01 1.37282889e-01
 6.58535945e+00 -1.32075834e-01
 7.64008175e+00 4.97982189e-02
 -4.41669231e+00 -5.81045428e-01
 6.47567133e-01 -4.44151184e-01
 6.61417550e+00 5.73763032e-01
 -4.29873449e+00 9.89143132e-02
 1.79884004e+00 7.85935624e-01
 -6.60537917e+00 -1.97073838e-01
 -7.43980327e+00 -9.56955078e-02
 8.47117206e+00 5.02033097e-01
 5.97722324e+00 3.31593655e-02
 2.24808439e+00 1.08837203e+00
 6.48007908e+00 4.78433567e-01
 3.16838771e+00 -6.22398545e-01
 5.06470070e+00 5.81799080e-01
 5.19408394e+00 -4.80275658e-01
 5.58935913e+00 5.96966218e-01
 8.01010325e+00 -3.14222815e-01
 8.17292321e+00 -9.71592034e-02
 -2.99069121e+00 -6.17445902e-01
 7.37390283e+00 8.93329695e-01
 -1.44022286e+00 9.24898770e-02
 -6.12004992e+00 -1.65137453e+00
 3.35340638e+00 1.10342712e-01
 -8.17442881e+00 -4.45181818e-01
 -1.54940703e+00 2.83314913e-01
 4.85515288e-02 4.89693352e-01
 -3.27043106e+00 5.97808464e-01
 -9.69173836e+00 9.47898012e-01
 -2.34937545e-02 7.36841011e-01
 5.16030249e+00 -4.59872244e-02
 1.37232308e+00 2.45884285e-01
 -4.48509660e+00 -4.84623078e-02
 1.80368984e+01 1.06132916e+00
 -1.33117347e+01 -6.91880081e-01
 -3.49097562e+00 4.53959762e-01
 1.52476445e+00 -2.11584884e-01
 -9.35718502e+00 5.93227611e-01
 2.01491177e+00 7.63424633e-01
 2.26776417e+00 3.51156770e-01
 -4.58048296e+00 8.92437513e-02
 -3.00886158e+00 -5.52041436e-02
 3.42175549e+00 -1.40077235e-02
 -6.02510334e-01 -3.87835172e-01
 -1.42875439e+00 -3.57947809e-01
 2.75661260e+00 -5.81826597e-01
 2.98489451e+00 -4.88782573e-02
 -8.80280176e+00 1.91308381e-01
 -1.90031776e+00 2.16708568e-02
 -3.95399507e+00 -4.64421732e-01
 -4.91057946e+00 1.40329391e-01
 5.33469257e+00 9.73792863e-03
 2.52751685e+00 1.48310279e-01
 -1.83252929e+01 -1.66837588e+00
 1.10112283e+01 -2.25113989e-01
 4.68831488e+00 8.90306542e-01
 3.92103031e+00 -3.71652290e-01
 -8.60830426e-01 -1.82970158e-01
 1.69958207e+01 3.95083229e-01
 -1.77490261e+00 1.81959113e-01
 1.92768805e+01 7.21315195e-01
 2.10523372e+00 -2.26121304e-01
 -2.90748617e+00 -4.28785086e-01
 -8.92063877e+00 -9.37976846e-01
 4.98513034e+00 -8.74715881e-02
 6.70918067e+00 1.04419270e-01
 -2.77721811e+00 -3.70302338e-01
 2.34540916e+00 -5.44628689e-01
 -7.54787947e+00 -8.40756820e-01
 -2.15668185e+00 -2.57889802e-01
 2.07431599e-01 -2.07343838e-01
 2.80917856e+00 6.10297227e-02
 -2.30317969e-01 -7.86016823e-01
 -4.54850267e+00 -5.25543976e-01
 9.86858769e+00 -8.24083525e-02
 -9.65745534e-01 -4.44500985e-01
 9.27871609e+00 -5.23018332e-01
 -3.80968022e+00 -1.00497740e+00
 1.05272062e+01 4.12945917e-01
 -3.98956672e+00 -7.21186959e-01
 -1.06911560e+01 -5.32378329e-01
 3.15926698e+00 2.46758469e-01
 -7.87310108e+00 -8.76929902e-01
 7.92027521e+00 1.32156941e+00
 1.10514129e+00 1.16532678e-01
 -6.80193964e+00 -4.48543388e-01
 4.26870780e+00 5.98742038e-01
 5.43642146e+00 -3.74535393e-01
 2.41546627e+00 -8.00880129e-01
 8.85405520e-01 -7.05939982e-01
 1.77166596e-01 2.34221924e-01
 -1.48171347e+00 1.11737551e-01
 3.21892240e+00 3.51376771e-01
 -6.23617947e+00 -4.79292296e-01
 3.88339242e+00 -1.18891421e-01
 2.28000217e+00 -1.23744257e+00
 6.16313200e+00 9.13841326e-02
 -1.00738591e+01 1.43346357e-02
 6.96694375e+00 7.78407074e-01
 -1.49329803e+01 -1.62774598e+00
 1.30613624e+00 3.04464718e-01
 1.09177508e+01 1.48321308e-01
 -3.09419679e+00 2.66929770e-02
 -3.92455294e+00 -6.63415642e-01
 -2.09700813e-01 9.95702548e-02
 1.27174356e+01 6.73660429e-01
 2.21787269e+00 6.60203523e-01
 8.05288967e+00 -1.75647017e-01
 -1.97601897e+00 -1.26729571e+00
 4.28777317e+00 -2.10560805e-02
 2.53073267e+00 -3.59310615e-01
 -4.73036286e+00 -8.24009291e-01
 1.88012505e+00 5.29287747e-01
 -3.26853119e+00 3.38918021e-01
 2.39979758e-01 6.28793383e-01
 6.27933406e+00 3.25299291e-01
 1.65422088e+00 -4.26572920e-01
 -8.18158385e-01 5.11643478e-01
 3.14467225e+00 2.74567435e-01
 3.66945128e+00 1.03920712e-01
 6.80521577e+00 1.37985610e+00
 2.80539752e+00 3.54987501e-01
 -1.67491959e+01 -2.29357347e+00
 1.05702904e+00 7.37245713e-02
 -3.03529035e+00 -3.93287805e-01
 4.87816710e+00 5.44359163e-01
 4.67954955e+00 2.99477254e-02
 -4.19997244e+00 2.74225089e-01
 -3.55367608e+00 -4.88312673e-01
 8.66795062e-01 -2.68620960e-03
 -6.88176582e-01 -2.08982045e-01
 -2.35816697e+00 7.67157077e-02
 -4.64481163e+00 1.86640563e-01
 -1.09649521e+01 2.89728141e-01
 -1.96616921e+00 1.85901236e-02
 -9.34348463e-01 3.25346974e-01
 3.28924729e+00 1.96728478e-01
 -3.89653598e+00 -1.57213173e-01
 1.10186715e+00 3.79236361e-01
 3.63629560e+00 3.60184735e-01
 1.19631258e+01 3.28698542e-01
 -5.19348207e+00 1.62965760e-01
 8.45885680e+00 4.20063628e-01
 5.03208635e+00 -1.64943949e-01
 -5.88722457e+00 -6.15072212e-01
 -7.19765830e+00 2.63723419e-01
 -1.54005834e+00 4.92961823e-01
 4.65729193e+00 -8.24736122e-01
 -3.01384090e-01 7.99534847e-01
 2.13805329e+00 4.84846633e-01
 -4.91526847e+00 -1.87879454e-01
 5.39356171e+00 7.28137295e-01
 -5.70146316e+00 -7.29755236e-02
 5.21448618e+00 -2.33704398e-01
 -5.22182666e-02 7.69879856e-01
 -9.35484354e+00 -2.16410077e-01
 -6.80914141e+00 2.20573236e-01
 9.88807922e+00 9.65713509e-01
 -2.67139912e+00 1.99167717e-02
 4.01647220e+00 6.02990215e-01
 6.98041325e-01 2.16475929e-01
 2.11472699e+00 -1.50501379e-01
 2.48925430e+00 -3.76163662e-01
 -9.77092859e+00 -4.67778003e-01
 3.09229395e+00 4.85198778e-02
 -1.29282920e+00 7.91213191e-02
 -2.16762932e+00 -6.36897606e-01
 -5.70351140e+00 -3.72076557e-01
 3.84855305e+00 1.17936245e+00
 -2.87399330e+00 -5.83926940e-02
 -5.22034834e+00 -3.44104967e-01
 9.52819146e+00 -1.49056088e-01
 -3.86450986e+00 -1.15676522e+00
 -6.32918682e-01 -4.85589415e-01
 7.41618347e+00 2.37783722e-01
 -8.34229414e+00 -1.96693503e-01
 6.08592421e+00 5.61273196e-01
 5.68768522e-01 -2.35936173e-01
 9.36257375e+00 -2.46532297e+00
 -9.28886802e+00 5.58418038e-02
 -2.01089492e+00 -6.69620245e-01
 1.41256665e+01 -8.72857110e-01
 2.16094614e+00 3.71195165e-02
 -3.11179225e+00 -9.41689898e-01
 1.40450069e+01 3.74284071e-01
 4.56922860e+00 9.08014562e-01
 -3.43675662e+00 4.19935119e-01
 -2.11690995e+00 -3.15665225e-02
 -4.14462059e+00 1.95953208e-01
 1.18811314e+00 -3.63312043e-01
 -7.59962668e-01 5.26588050e-01
 -2.15983234e+00 1.98466597e-01
 -6.08881038e+00 -8.01651069e-01
 8.74396804e-01 -1.28799752e-01
 7.12920794e-01 -4.03675988e-01
 -1.08007563e+01 -8.34482042e-01
 -9.57594453e+00 -4.68599953e-01
 -2.05890698e+00 -3.19000323e-01
 4.97939785e+00 1.39829125e-01
 -1.35008897e+00 -5.76469865e-01
 2.80499223e-01 -3.88463693e-01
 -5.88586786e+00 4.80200808e-01
 -2.92117470e+01 -5.45893157e+00
 1.91573231e+01 9.29223885e-01
 7.21833767e+00 8.68179654e-02
 4.99554613e-01 2.03647214e-01
 -4.19126948e-01 -1.37145877e-01
 -1.13370417e+00 -1.09326938e-01
 -2.04130626e+00 -5.38987326e-02
 -1.38249245e+01 -8.41434722e-01
 -1.43040772e+01 -1.45950152e+00
 3.28760559e+00 -1.70518049e-01
 1.34581987e+00 1.59072590e-01
 1.22879625e+01 1.86502710e-01
 -1.90052329e+00 1.31717490e-01
 9.59187253e-01 4.12096254e-01
 -9.74245582e-01 5.96869563e-02
 -1.13013654e+00 6.64959426e-02
 -1.00992999e+01 -1.06875728e+00
 3.33111517e+00 5.29968704e-02
 9.26420532e+00 4.99015481e-01
 1.10604414e+01 7.87549112e-01
 8.63826637e+00 -2.63532129e-02
 9.15785505e+00 6.87073258e-01
 -6.32919843e+00 -1.01143555e+00
 -1.83100840e+00 -2.90387609e-02
 9.14684273e+00 3.15051173e-01
 1.08430479e+01 4.52004100e-01
 9.63967354e-01 -8.69278030e-01
 2.89235098e-01 -1.01164921e-01
 -4.27442734e+00 -2.11619316e-01
 7.36765359e+00 3.27960330e-01
 9.89751911e+00 7.59521692e-01
 1.01257829e+01 -9.57192197e-01
 -1.11726214e+00 1.41015139e-01
 3.87580714e+00 4.82576301e-01
 2.13349918e+00 -2.78757856e-01
 9.37044271e+00 -9.84349007e-02
 4.35399518e+00 1.12103672e+00
 7.55933515e+00 3.40201708e-01
 8.38915578e+00 -1.21349056e-01
 -3.49271538e+00 -6.94001102e-01
 2.98850795e+00 -2.02055626e-01
 -1.23093862e+01 -3.09540184e-01
 8.71675444e+00 5.07944466e-01
 -6.57064670e+00 -2.21681633e-01
 -1.22932683e+01 1.01208273e-01
 8.10273645e+00 3.82193485e-01
 2.09289896e-01 1.98551741e-01
 6.13760903e+00 5.63696487e-01
 3.99770066e+00 4.81771445e-01
 3.25945673e+00 5.00547555e-01
 6.55778645e-01 5.20976553e-01
 5.26436681e-01 4.65477083e-01
 -1.82559114e-01 -2.37046948e-01
 1.09513577e+00 1.46611692e-01
 2.82211344e+00 3.47502965e-01
 -1.97173762e+00 -1.38931279e-01
 3.85512676e+00 2.76901598e-01
 9.89608192e-01 4.90454968e-01
 3.03457141e+00 -2.56994863e-01
 6.36014010e+00 -2.64474066e-01
 1.46995326e+00 -1.50097062e-01
 8.18562696e+00 2.90693831e-01
 1.01199716e+01 6.73107145e-01
 -3.72867599e+00 3.78885672e-02
 -2.22922808e+00 -9.73874862e-01
 3.87136229e+00 3.42401722e-01
 9.54672354e+00 -1.03210966e-01
 -9.38827309e+00 -7.92310483e-01
 1.61685428e+01 -1.05563861e+00
 -5.98074098e+00 -6.69336417e-01
 -7.93500553e+00 -7.42378032e-02
 6.04978937e+00 4.85568991e-01
 1.95759293e+00 2.22959587e-01
 -1.83468579e+00 3.90624917e-02
 1.10455162e+01 2.72610040e-01
 -7.13284883e+00 -3.31495212e-02
 -3.73099831e+00 -1.30069686e+00
 -3.66204365e+00 -1.17413940e-01
 5.35585337e+00 1.42587076e-01
 1.03209913e+01 -7.09276451e-01
 -2.72477417e-01 2.86628219e-01
 6.07169279e+00 -1.27086702e-01
 -8.35160348e+00 2.15208428e-01
 -6.69311926e+00 -1.44870165e-01
 5.61818660e+00 6.14112452e-01
 8.72175543e+00 9.18381046e-01
 1.08008583e+01 5.72720996e-01
 -7.92974039e+00 -5.40706325e-01
 1.91694274e+01 1.15797440e+00
 -3.07189676e+00 7.65812876e-02
 7.59962452e+00 5.97170688e-01
 -4.50633199e-01 4.14270486e-01
 -7.41494267e+00 3.54820768e-01
 1.36423243e+00 -5.81132754e-01
 -8.52243898e-01 2.42299359e-01
 2.56817413e+00 5.55801425e-02
 4.12906895e+00 -1.02848161e-01
 -4.15873584e+00 8.53907280e-02
 5.81860118e+00 -1.80297263e-01
 5.70815063e-01 2.25741071e-02
 6.51490606e+00 9.68908485e-02
 5.93968701e+00 -2.36100560e-02
 -8.91637996e+00 -5.84164862e-01
 5.88735410e+00 1.82123553e-01
 8.89232424e+00 5.13353106e-01
 -2.49788106e+00 8.74013964e-03
 3.48208894e+00 6.11089444e-01
 1.15235431e-01 -4.52929529e-01
 -9.16911124e-01 -3.12897923e-01
 3.78952175e+00 -1.80247884e-01
 5.01145684e+00 5.25709463e-01
 6.04032259e+00 5.32128961e-01
 -3.28521329e+00 -7.72558624e-01
 1.30481376e+01 5.22526981e-01
 -1.18147324e+00 -8.69189496e-01
 -1.11726758e+01 1.37095090e-01
 6.76684725e+00 -6.12540514e-02
 -4.79205791e+00 -2.81050115e-01
 4.78906485e-01 -2.93304173e-01
 5.93763133e+00 -3.11961657e-01
 -4.77837050e+00 -2.08848214e-01
 1.42473151e+01 -6.33650847e-02
 -2.86357754e+00 8.80621553e-02
 1.88916149e+00 3.64176690e-01
 -1.95220711e+00 -3.62142063e-01
 1.14048313e+01 -7.16370646e-02
 2.51386648e+00 -4.52929811e-01
 -2.24210520e+01 -7.46460163e-02
 5.96918887e+00 3.31199492e-01
 6.41453807e+00 7.22022615e-01
 -3.10560017e+00 -1.73994352e-01
 1.59018320e+01 1.44602911e+00
 6.45021088e-01 6.87707323e-01
 -1.78406603e+01 -3.26748525e-01
 6.45706791e+00 -5.51118217e-01
 -6.62349874e+00 -1.05010994e-01
 -6.29728272e+00 -4.89819341e-01
 9.49310657e-01 -3.75038432e-01
 1.66448947e+00 -2.09919456e-01
 3.56541477e+00 1.77437439e-01
 2.49333076e+00 1.93343455e-01
 1.63906774e+01 -1.81825666e+00
 -5.14677973e+00 -2.10926632e-01
 -8.75905393e-01 3.95110053e-02
 2.60885219e+00 5.97052591e-01
 -2.05065976e+00 3.80646362e-01
 -1.60650890e+00 -7.74287274e-02
 7.37805832e+00 -1.13013038e-01
 -8.34854931e-01 1.63056009e-01
 2.10021810e+00 2.32947446e-01
 5.76404100e+00 2.87948969e-01
 1.79192742e+00 -6.44097831e-01
 1.63491572e+00 -3.52629403e-01
 -1.21194005e+01 -8.84241632e-01
 -2.12131503e+00 -6.37422445e-01
 4.97608626e+00 5.29939917e-01
 3.81076257e+00 6.78522727e-01
 4.32093254e+00 -5.49487819e-03
 2.89709733e+00 5.05763565e-01
 -3.47738652e+00 1.03540423e-01
 -1.46830126e+01 -8.71205993e-01
 -5.40156996e+00 5.36954409e-01
 -4.78384186e+00 2.84800134e-01
 -1.51159701e+00 6.31239021e-01
 -3.32112919e+00 -2.40104066e-03
 -1.20135832e+00 5.22582905e-01
 4.86234861e+00 6.39482071e-01
 2.86323461e-01 5.98643573e-02
 -1.41534920e+00 -2.01377839e-01
 4.14192641e+00 -4.41824183e-03
 3.38384272e+00 -1.61332310e-02
 8.10456269e+00 -8.79167361e-02
 3.46425437e+00 7.26882952e-01
 1.94211590e+00 6.36362803e-01
 2.40257903e+00 -1.21274730e-01
 -6.48562702e+00 -7.42870081e-01
 1.39886176e+01 -1.98305725e-01
 -2.21619551e+00 -6.42323800e-01
 -2.76459860e+00 -1.20638458e-01
 -3.49886106e+00 1.31625989e-01
 -6.90838816e-01 -2.35272675e-01
 6.02396950e+01 1.52502870e-01
 2.76001297e-01 -2.05628227e-01
 -2.31399593e+00 -2.96013219e-01
 -3.84709831e+00 1.07276322e-01
 -4.42688319e+00 -8.74655763e-01
 -3.40597669e+00 -9.61376983e-02
 -3.08785537e+00 7.32392832e-01
 1.46016635e+01 1.42283462e-01
 1.48800463e+01 -3.88315831e-01
 -1.29506550e+00 -6.14256499e-01
 4.84744272e+00 -4.80485612e-01
 7.80472992e+00 1.84671962e-01
 -5.15372936e+00 2.55333703e-01
 9.92389924e-01 4.39227526e-01
 2.87153083e-01 -5.06955398e-01
 1.07377379e+01 3.44906082e-01
 -8.53906085e+00 -6.06140143e-01
 -1.55979248e+01 6.38599285e-01
 -4.79465590e+00 -4.45194043e-01
 6.01092899e+00 1.76391364e-01
 6.80105054e+00 6.32378794e-01
 -2.07320481e+00 -3.23590465e-01
 4.09893262e+00 5.38333718e-01
 -5.73522703e+00 8.20205841e-01
 -5.67099691e-01 3.83746343e-02
 2.63133592e+00 7.77504118e-01
 -6.55886242e+00 -6.37324413e-01
 -1.08127196e+01 2.59659804e-01
 -8.49177537e-01 -1.13605768e+00
 -7.76877551e+00 -2.05526930e-01
 3.82231199e+00 5.58852747e-01
 1.32423834e+00 2.84345838e-01
 4.13560008e+00 5.73116395e-01
 2.28388642e+00 -3.49864280e-01
 9.57293278e+00 -2.08500851e-01
 6.24154022e+00 1.18481662e-01
 -6.01920397e+00 4.01809226e-01
 4.42759779e+00 7.79358969e-01
 1.20856320e+00 2.81163006e-01
 -6.16685482e+00 -8.91476993e-02
 -2.78178817e+00 2.30040951e-02
 1.41183833e+00 4.33140898e-01
 3.42265975e+00 -3.94014656e-01
 4.28361423e+00 3.63591261e-01
 -2.75469280e+00 -8.14365109e-01
 1.01356343e+01 9.23567160e-01
 7.10501280e+00 4.92978710e-02
 -1.25573953e+00 4.42870695e-01
 1.12374541e+01 5.81084344e-01
 9.36896838e+00 4.67637199e-01
 2.91422152e-01 3.82223299e-02
 -9.73518872e-01 -6.77280809e-01
 1.00978822e+01 5.63975170e-01
 4.66551730e+00 -3.40179630e-01
 7.13878035e+00 2.65650415e-01
 7.74024100e+00 7.83434730e-01
 2.09824872e+00 1.09685965e-01
 4.33258368e+00 7.08878745e-01
 -3.96818807e+00 1.39774667e-01
 -2.70435074e+00 -2.79196811e-01
 5.09896716e+00 9.42864728e-02
 1.06485792e+01 5.04534273e-01
 5.11227875e+00 3.26551459e-01
 1.12528938e+01 1.55791825e+00
 5.26512761e+00 6.76478461e-01
 5.49574887e+00 -3.42892034e-01
 3.19419633e+00 4.79425131e-01
 -9.64660577e-02 -2.05280216e-01
 -6.37139667e+00 -1.21925548e+00
 2.69492385e+00 4.75205340e-01
 3.95470157e+00 2.81951461e-01
 1.92793933e+00 -5.36431966e-01
 -4.72756890e-01 -2.21152636e-01
 -6.13050507e+00 -2.78259664e-01
 2.19276963e+00 -2.44898396e-02
 -4.17773186e+00 4.71037165e-01
 -1.23798920e+01 -6.35854130e-01
 2.93335040e+00 3.86058373e-01
 -8.07642500e+00 -5.19578750e-01
 4.82110104e+00 -5.44873343e-02
 1.33041178e+00 -1.91287575e-01
 -6.73537801e+00 -4.66629696e-01
 4.48313438e-01 2.58045236e-01
 5.06053015e+00 -1.74149765e-01
 -2.00873428e+00 5.08054623e-01
 -1.10420564e+00 2.22676272e-01
 1.65223615e+00 -7.01623630e-01
 7.65596048e+00 8.17387253e-02
 4.72278126e+00 4.49436137e-01
 -7.37037850e+00 1.10728947e-01
 3.97857252e+01 1.24405764e+00
 7.86719604e+00 4.13333225e-01
 -5.39537800e+00 2.13920946e-01
 -5.17650430e-01 -1.81463769e-01
 6.60987037e-01 5.62197102e-01
 -6.24540933e+00 -6.73859646e-01
 4.86241221e-01 5.52978765e-02
 4.42133451e+00 -9.82081843e-01
 1.19488931e+01 5.68228269e-01
 -3.37893639e+00 -1.44633208e-01
 -4.46733831e+00 -3.38781743e-01
 -3.99312853e+00 -3.67636496e-01
 3.10745929e+00 -1.28922349e-01
 4.60438610e+00 -8.58219316e-02
 -3.87275946e+00 1.49819476e-01
 8.32564485e+00 6.43871074e-01
 1.61857546e+00 1.53101800e-01
 -1.56930622e+00 -2.97138082e-01
 -8.30182087e-01 -6.03493019e-01
 -2.83387392e+00 2.71470522e-01
 -9.40674539e+00 -3.69812620e-01
 -2.03376153e+00 5.10078290e-01
 2.65361497e+00 1.58349977e-01
 -3.67253606e+00 3.84477153e-01
 3.35338533e+00 -3.21355068e-01
