  -2.0749937e+00
   7.4962581e-01
  -1.5645361e+00
   7.6980894e+00
   8.7085232e-01
   9.1234044e-01
  -4.8879855e+00
   3.4811870e-02
  -6.2875071e+00
  -3.1134379e+00
  -5.5894534e-01
  -5.8556857e-01
  -2.0900786e+00
   2.3580995e+00
   5.4179046e-01
  -2.3823774e+00
   2.7779347e+00
   1.0137240e+00
   2.0153971e+00
  -9.8213264e-01
  -1.4671020e+00
   6.5721687e+00
   1.7668063e+01
   2.6573366e+00
   4.6238072e+00
  -1.0130814e+00
  -4.4494429e-01
   9.6945582e-01
   5.4627479e-01
  -1.1868871e-01
   2.8585602e+00
  -1.0512301e-01
   1.0378771e+00
  -6.8989131e+00
  -3.0894857e+00
   2.1344737e-01
   4.9859707e+00
  -3.6697910e+00
  -1.2394548e+00
  -6.8104515e+00
  -2.8477768e-01
   2.2827413e+00
  -3.2156665e+00
  -1.0005312e+01
   2.0670055e+01
   2.5252840e-01
  -2.0725585e+00
   1.2391559e+00
   1.0949753e+00
  -2.4261991e-01
  -1.6560797e+00
   2.3195642e-01
   9.0620520e+00
   2.6424626e+00
  -3.0326066e+00
  -1.8579867e+00
   1.7015017e+00
   6.6266815e-01
   3.6461202e+00
  -2.6830522e-01
   2.7481196e+00
   2.4186858e+00
  -1.4725534e-01
  -3.9827120e+00
  -8.2067695e+00
   3.7008313e+00
  -1.5094622e+00
  -4.9209278e+00
  -6.0176984e-01
   6.7069654e-01
   1.1078001e-01
   8.5277397e-01
  -1.2576737e+00
  -5.2653399e+00
   3.3077721e+00
   6.6730599e+00
   8.7867489e-01
  -1.5002613e+00
  -1.3459965e+00
   3.3592605e-01
  -2.0185847e+00
   1.4471662e-01
   1.0460252e+00
   3.4621641e+00
   1.4478008e+00
   1.5945849e+00
   1.6803748e+00
   2.7524892e+00
   5.4551537e-01
   4.8876525e-01
   4.1959084e+00
   2.0164034e+00
  -3.2939170e+00
   4.3983511e+00
   2.9959177e-01
   1.8023047e+00
  -1.0504797e+00
  -1.2023150e+00
   3.2550643e+00
  -2.9341817e-02
   1.2886842e+00
   2.1827224e-01
   1.5821264e+00
   5.5088338e-01
  -2.0439318e+00
  -9.2675622e-01
   1.3242405e+01
   5.9271276e+00
   2.8829886e+00
  -4.9149165e+00
  -5.4730267e-01
   3.9038725e-01
   1.2706741e+00
   7.4942446e-01
  -6.2532353e+00
   3.5433886e+00
  -5.5584612e-01
   1.1584668e+01
  -5.8245209e+00
  -3.7904261e-01
  -3.4614988e-01
   2.1705152e+00
  -4.6657978e+00
  -2.7850850e+00
  -1.6310566e+00
   4.4941765e-01
   2.1277422e+00
   2.2498839e+00
  -1.2199224e+00
  -3.4865378e+02
  -7.0990431e-02
   8.1571837e-01
  -5.6958179e-01
  -1.1203182e+01
  -3.9249594e-01
   1.0414415e+00
   5.3442699e+00
  -1.9187235e+00
   1.3133489e+00
  -1.7450954e+00
   6.9374091e+00
   2.1418716e-01
  -5.0565423e+00
  -1.7450574e+00
   2.1747356e+00
   9.0771462e-01
   7.9547370e-01
   5.0807783e-01
   7.0990843e-01
   3.5651561e+00
   2.4057992e+00
  -6.6209138e+00
   1.7628221e+00
   6.3255233e+00
   1.5692971e-01
  -4.4363856e-02
   1.1807877e+00
  -5.0516913e-01
  -7.6148342e-01
  -3.6457941e-01
   4.6778961e+00
  -3.1839175e+00
   2.4919470e+00
  -3.3611421e-01
   2.5470287e+00
   1.7578048e+00
  -3.2378423e+00
  -2.3325608e+00
  -8.5915740e-02
  -1.7376133e+00
  -6.3187096e+00
  -8.6658810e+00
   2.9709275e+00
   7.6573711e-01
  -1.2974409e+00
   2.3322233e-01
   6.4763792e+00
   1.0546911e+00
   8.1664287e+00
   1.1968595e+00
  -5.4721960e-01
  -3.5935369e+00
   4.2755195e-01
  -3.3201230e+00
   2.8867917e+00
  -2.5295964e-02
  -1.9607806e+00
  -2.3433314e+00
   4.3576241e+00
   1.1500145e+00
  -2.2454567e+00
   2.4918467e+00
  -3.1920871e-01
  -5.8482918e-01
   2.0046065e+00
   8.8452499e-01
  -3.4893653e-02
   1.1550152e+00
  -2.0679270e+00
  -5.2428156e-01
  -1.6298511e+00
   2.2168005e+00
   1.1488837e+00
  -3.4027720e+00
  -1.1695102e-01
  -8.6483640e-01
   9.1932386e-01
  -7.8988515e+00
   2.2308214e+00
   4.0666452e-02
   1.5248365e+00
  -4.3150906e+00
  -1.4827554e+00
  -6.2058706e+00
  -2.6057701e+00
   4.1090874e-01
  -1.9291295e+00
  -4.7475736e+00
   1.4306207e-01
  -5.2833213e-02
   7.1504317e+00
   2.8532915e+00
  -1.1266324e+00
  -1.4813878e+01
  -1.6897196e+00
  -6.1658830e-01
   1.0285550e+00
   7.7827896e+00
  -1.8210928e+00
   6.8599061e+00
  -7.7979926e-01
   3.7838353e+00
   1.7653674e+00
   2.1126245e+00
  -1.6631757e+00
   1.8276840e+00
  -1.6263120e+00
  -1.4639775e+00
   2.0737134e+00
  -1.9833606e-01
   2.4310605e+00
  -3.1012006e+00
  -6.1101836e-01
  -1.4230467e+00
  -6.5851668e+00
   5.1411526e+00
   1.9046357e-01
   9.0246886e-02
  -1.0695767e-01
   4.4893920e-01
  -1.2058583e+00
  -1.4900733e-01
   4.7419221e-02
  -5.8198301e-01
  -2.2194366e+00
   1.2339434e+00
  -1.7520691e-01
   3.2358444e-01
   1.2831526e+00
  -2.3734744e+00
  -6.1539562e-01
   1.2425097e+00
  -3.4338106e+00
   7.1806408e-01
  -1.4163566e+00
  -6.6136916e-01
  -9.3011612e-01
  -6.8457588e+00
   1.1621222e-01
   2.7423438e-01
  -1.1879384e+00
  -5.6452844e-01
   2.2552511e-01
   1.5672300e+00
   1.2203614e+00
  -1.1800246e+00
  -4.0335911e-01
   1.8178463e+00
  -4.0635725e-01
  -2.3950972e+00
  -1.1203662e+00
   5.9777899e+00
   4.0568032e+00
  -2.5545786e+00
   1.5795530e+00
   6.0405373e-01
   8.2695815e-01
  -5.0213811e-01
   4.5449199e-02
  -2.6119001e+00
  -3.3807379e+00
  -2.1005208e+01
   7.3535851e+00
  -5.1266002e+01
   1.1506555e+00
  -7.7560896e-01
  -1.6744887e+00
   3.5825450e+00
  -6.8517008e-01
  -1.2787831e+00
  -2.2154154e-01
  -1.3054789e-01
   3.5860684e-01
  -3.5262177e+00
   4.6088976e+00
  -1.4485956e+00
  -3.9277072e+00
   2.7470271e-01
   5.5630079e-01
   4.0325649e-02
   6.1009019e+00
  -2.2108882e+00
   4.6276618e-01
   1.0416820e+00
   3.1150751e-01
   4.6240415e+00
   2.4592917e+00
  -1.1342191e+00
  -1.8628611e+00
   2.0032014e+00
   2.1723554e+00
  -3.8681201e+00
   1.9743268e+00
   1.3890572e+00
   1.7133419e-01
   1.6052406e+00
  -3.2859657e+00
   1.4484042e+00
   1.5972790e+00
  -4.2980824e+00
  -8.5544241e+00
   2.3939378e-01
   1.2869379e+00
   4.2571374e-01
   9.8243165e-02
   1.4905847e+00
   1.5920081e+00
   4.1258554e-01
  -5.1181269e-01
  -3.7974733e-01
  -6.4237183e+00
   3.1192072e-01
   1.1085189e+00
  -5.2617149e-01
   6.5637747e-01
  -6.0705284e+00
  -2.3462069e-01
   4.2650420e-01
  -2.2082260e+00
  -3.4954183e-01
  -5.2412695e+00
   3.4653271e-01
   1.5442375e+00
  -8.3110353e-01
   9.7753538e-01
  -3.5504053e+00
  -1.6781650e+00
  -3.1387676e+00
   3.9383920e+00
   1.7535614e+00
  -3.5112552e-01
  -4.8137898e-02
  -7.2888622e-01
   3.6968986e+00
  -8.8474528e-02
   7.3313398e-01
  -3.0177623e+00
  -7.2834936e-01
  -3.6979767e+00
  -2.9644612e+00
  -8.0592831e-01
   7.8197202e-01
  -2.0921455e+00
  -4.8144193e-01
   6.4042285e-01
  -7.3224173e-02
  -6.4292528e-01
  -1.8137924e+00
  -2.6704910e+00
  -3.8600003e+00
  -3.2935969e+00
   1.8051481e+00
  -1.5228702e+00
  -7.6883388e-01
   7.1939397e+00
   1.8645803e-01
  -1.0625946e+00
   8.2439601e+00
  -2.7477345e+00
   3.6093509e-01
   3.6580037e-01
   2.1900911e+00
  -2.4241332e+00
   1.0804038e+00
  -2.8986818e+00
  -3.2102904e-01
   2.8211460e-02
   1.8017656e+00
  -1.6309026e+00
  -1.0959862e+00
   1.5436235e+00
   1.1164588e+00
   2.4772814e+00
  -2.2423165e+00
   8.9489413e-01
  -4.3491635e-01
  -6.0541688e+00
   5.8985577e+00
  -2.6731411e+00
  -2.2074370e-01
  -8.4907481e-01
   7.1264846e-01
   4.9496036e+00
  -1.5362931e+00
   1.3140886e-01
   5.0918859e+01
   2.6325581e+00
  -2.3751297e-01
  -5.0237052e-01
   2.7248368e+00
  -7.5114033e-01
  -3.0689065e+00
  -7.4997989e+00
  -4.4193665e-01
  -9.8809105e-01
   1.1232258e+00
   8.6767829e-01
   2.8061452e+00
  -3.2250682e-02
   1.2945546e+00
  -2.9043461e+00
   1.5032710e+00
  -2.7076662e+00
  -1.4781557e+00
   2.4766833e+00
   9.7560297e-01
   4.7935811e-01
  -6.2957129e-01
   1.1152927e+00
   2.8813523e+00
  -1.0815400e+00
  -4.2768804e-01
  -2.3784508e+00
  -4.6030180e-01
  -2.0663979e+00
  -7.5429372e+00
   4.7889512e+00
  -1.5377106e+00
  -8.7144064e-01
  -1.2564383e+00
   2.8546804e+00
   2.1082482e+00
   3.6343216e+00
  -4.0050394e+00
  -2.8602443e-01
   4.4731412e-01
   1.8226131e+00
  -1.2553993e+00
  -2.7699424e+00
   1.0765503e+00
   1.0351424e+00
   5.3305723e+00
  -1.3409358e+00
   1.0610601e+00
   2.9688628e+00
   2.1603864e+00
   1.1880139e+00
  -1.5298514e+00
   6.8413923e-01
  -1.5097334e+00
   1.5858583e+00
   1.7210490e+00
   1.4531190e-03
  -7.8518420e-01
   1.5199765e-01
  -1.2851769e+00
  -3.0365075e-01
   2.5434793e-01
   5.2191652e-01
  -1.3839493e+00
   2.7590873e+00
   3.0350217e+00
   2.2329513e+00
   2.1078440e-01
   1.4611382e+00
   1.4481538e+00
   1.3104722e+00
   2.1556351e+00
   6.7623672e-01
   1.9188922e-01
  -9.3309875e-01
  -3.5060118e+00
  -2.3919360e-01
  -1.5194025e+00
  -5.9118167e+00
   2.5436765e+00
  -4.0575734e-04
   9.5630229e-01
  -6.6954072e-01
   4.0588518e+00
  -1.2936351e+00
  -1.2194577e-01
   4.6461262e+00
  -3.8764687e-01
  -1.7556973e-01
  -8.9152261e-01
  -1.5695554e-01
  -6.6949296e-01
   7.3802135e-01
   9.7537324e-01
  -3.3416057e+00
  -7.2751902e-01
   5.2904902e-01
  -2.4906658e+00
   1.2784603e+00
  -6.9948714e-01
  -1.1569965e+00
  -3.6240518e+00
   3.4860454e-01
  -2.9973347e+00
   7.7212773e+00
   1.2961329e+00
   2.5451278e-01
   5.5324758e-01
  -1.7360974e+00
   1.7530703e+00
  -4.4221612e-01
  -5.5886879e+00
   3.0532335e-01
  -1.4428353e+00
  -1.1922649e+00
  -1.6927653e+00
  -6.9726381e-01
   1.7358995e+00
   1.1855994e+00
  -2.1815845e+00
   4.9710939e-02
  -1.5712381e+00
   6.2409598e+00
  -9.5994287e-01
  -3.6755521e+00
   2.4277600e+00
   6.9315589e-01
   5.3560159e+00
   6.6803786e+00
   2.3078871e-01
  -1.5629294e+00
   3.1585360e+00
   4.1583673e+00
   1.8958295e+00
  -7.9015420e-01
   1.8376655e-01
   3.7218844e-01
  -1.7424061e+01
   3.9414701e+00
  -1.7122830e+00
   2.4424725e+00
  -1.0304007e+00
  -2.0699987e+00
  -3.4783113e+00
  -2.7170473e+00
  -1.2589416e+01
  -8.6659241e+00
   1.0778612e+00
   5.5175618e-01
   6.0282019e-01
  -1.7758256e+00
  -3.2739349e+00
   1.0183100e+00
  -1.8487236e+00
   6.9456453e-01
   6.3910761e-01
   1.2895859e+00
   1.5758407e+00
  -5.0088920e-01
  -1.8399911e+00
  -2.2373347e+00
  -4.5063198e-01
   1.2656414e+00
  -7.2300763e-02
  -7.6362641e-01
   2.8719859e-01
   5.1524734e-01
   2.5132553e+00
   1.3851058e+00
   6.8459898e+00
  -4.0581939e+00
   1.9467918e+00
  -5.7249752e-01
   2.6902147e+00
  -3.6872385e+00
  -1.1131138e+00
   1.8081419e-01
   4.4915977e+00
   1.6922782e+00
   2.3138149e+00
   2.8797072e+00
   1.1024699e-01
  -1.5956754e+00
  -1.5418936e+00
   6.1786558e-01
  -1.0914954e+00
  -8.2647786e-02
   7.6950161e-02
  -9.2118446e-01
  -2.3830403e-01
  -1.6740034e+00
  -3.3296848e-01
  -3.4642490e+00
  -3.6344298e-01
  -6.4711459e-01
   4.6239485e+00
   8.2367923e-01
   1.3211649e+00
  -1.9343728e+00
  -1.0318084e+01
   1.0363130e+00
   6.2887364e-02
   6.8298957e-01
  -1.2363435e+00
  -3.1552292e+00
  -6.2731661e-01
  -9.3424039e-02
   2.1242353e+00
   1.7386267e+00
  -2.3303261e+00
  -6.4052668e+00
  -1.3241785e+00
   3.6595734e-01
  -3.5739067e-01
  -2.6636428e+00
  -4.8293012e+00
   2.5256462e-01
  -8.6378014e-02
   4.8930808e+00
   9.8808437e-01
   5.0556085e-01
   1.5217987e+01
   2.2028063e-01
   1.5547787e+00
   3.6835984e+00
  -8.0911019e-01
   4.1536917e-01
   1.5395146e+00
   4.9287198e-01
   2.0977511e-01
   9.6795221e-01
   4.2316840e-01
   1.5100511e+01
   8.0908474e-01
   1.6566748e+00
   1.9270045e-01
   4.9763056e+00
   2.3675070e+00
  -1.7934761e+00
  -7.4844704e-01
  -6.1863215e-01
  -3.8673477e-01
  -1.1495442e+00
   1.6856150e+00
  -3.7691423e-01
  -1.9041126e+00
   4.5703724e-01
   5.6223040e-01
  -2.8250602e+00
   8.2848209e-01
   1.3493066e+00
  -1.8378650e+00
   3.5593947e-01
  -1.2030150e-01
   2.3115269e+00
  -8.2895041e-01
  -5.2220380e-01
   5.8825127e+00
   4.3939643e-01
   2.8495367e-03
  -1.0356310e+00
   1.0549815e+00
   9.6372975e-01
   3.9601210e+00
  -1.0746402e+00
   1.0981774e-01
  -6.5631713e-01
  -2.1484562e-01
   1.4070699e+00
  -1.2329616e+01
   3.2737598e+00
  -1.1043304e+00
  -2.0682037e+00
   8.2925940e-01
  -7.6942356e-01
  -2.7566185e+00
  -6.6241494e+00
   1.0417988e+00
   2.3767191e-01
  -1.6792000e-02
  -5.6407234e-01
  -3.2347158e-01
  -4.0818247e+00
   3.8329796e+00
  -7.0055690e+00
  -2.2299088e+00
  -2.7855296e+00
   7.0635520e-01
  -7.7716847e+00
   9.2083295e-01
  -3.7714974e+00
  -4.7530519e+00
  -4.0917345e-01
  -2.4735638e+00
  -2.2973291e+00
  -2.5999288e+00
  -1.2052374e+00
   2.4312863e+00
   1.6379932e+00
  -1.3724664e+00
   3.8219865e+00
   7.3955055e-01
   2.9837782e-01
  -8.4965565e-01
   2.8617348e+01
  -5.5054688e+00
  -3.3254508e-01
   4.0161275e-01
   1.0544165e+00
   2.5947936e+00
   7.0716128e-02
  -9.9626658e-01
  -7.4682289e-01
   9.7545067e-01
  -3.5618889e+00
  -4.8623247e+00
   6.1643672e-02
  -1.3004640e+00
  -1.7149050e+00
  -1.8626305e+01
  -1.1956178e+00
  -2.0162395e+00
   1.8410827e+00
  -1.3343460e+00
  -9.3545084e-01
   1.7263903e+00
   7.4088292e-01
   1.0320689e+00
  -3.8840261e-01
  -7.8871582e-01
   3.6400924e-01
   1.1695503e+00
  -8.6405615e+00
  -1.9590760e-01
  -2.5817716e+00
  -1.8870954e+00
  -1.7543326e+00
  -1.7625628e+00
  -7.1049089e-01
   2.8539554e-01
   6.5532366e+00
   8.1074445e-02
   2.5763135e+00
   1.7772946e-01
   1.0123416e+00
  -8.7027947e+00
   3.2286132e+00
  -1.4831737e-01
  -2.0430990e+00
   2.5467492e-01
  -2.5683440e+00
   9.9215710e-02
   1.9991496e+00
   1.7506437e+00
   1.3582574e+00
  -1.3506947e+00
  -1.0705126e+00
   7.4632701e-01
   1.4022913e+00
   2.3205549e+00
  -5.8695472e+00
   1.0325761e+00
  -3.2330513e+00
  -2.8565611e+00
   5.4077593e-01
   1.4958521e+00
  -1.2406696e+00
  -2.5245405e+00
   2.8355980e+00
  -4.7314899e+00
  -1.1711812e-01
   2.6238024e-01
   8.1490521e-01
   9.2136620e-01
  -7.3497557e+00
   4.9372075e+00
  -2.2506114e+00
  -2.4673592e+00
   2.8525493e-01
   1.9779192e+00
   1.9007560e+01
   1.1433547e-01
  -1.6958845e+00
   1.3463390e+00
  -1.8925049e+00
  -1.8061965e+00
   7.5722976e-01
  -2.0859232e+00
  -4.9116753e-01
   7.3128556e-01
   8.4614522e-02
   5.5901738e+00
  -5.1365775e+00
  -7.3759310e-01
  -3.7753427e-01
   2.7993592e+00
   1.3979043e-01
  -1.4123635e+00
   3.0425593e+00
  -2.6971214e+00
  -8.6142784e+00
   1.7743539e+00
   2.5001361e+00
  -4.4161441e+00
  -3.1513547e+00
  -1.4486521e+00
   2.6478554e+00
   3.1063569e+00
   2.8215420e+00
   1.4491699e+00
   6.0105264e-01
  -1.6546628e+00
   1.0725432e+01
  -8.8485503e-01
   2.1223613e-01
  -1.1916696e+00
  -1.1597070e+00
   1.1780372e+00
  -7.1187000e-01
  -9.5548066e-01
  -3.5230537e+00
  -3.1401298e+00
   5.4441573e+00
  -1.2178325e+00
   3.2597094e+00
  -7.6281479e-01
  -1.0098683e+01
   1.2842542e+01
   1.6235810e+00
  -2.2307047e+00
   5.6045842e-01
  -1.0523109e+00
  -1.4026531e+00
  -1.9474965e-01
   1.5200221e+00
   1.4219204e+00
   2.6550030e-01
   1.1128947e+00
   9.2081737e-02
   2.7708295e+00
   1.6128767e+00
  -1.4715727e-01
   2.1392056e+00
   2.2127831e+00
  -1.0541560e+00
  -1.5316554e+00
   1.0946026e-01
   1.7805845e+00
   1.8176752e-02
   2.0897749e+00
   3.0525533e+00
   5.4452248e+00
  -5.1800487e+00
  -1.6662149e+00
  -1.7834693e+00
   1.0642082e+01
  -3.7245255e-01
  -3.1611736e+00
   4.4683817e-01
   4.9703974e-01
   9.3192408e-01
  -4.8204103e+00
  -9.4648947e-01
   1.0685218e+00
   1.1471829e+00
   8.3006402e-01
  -1.5721980e+00
  -6.4846076e+00
  -7.6777723e-01
  -2.0988607e+00
  -3.4978167e-03
   9.6284115e-01
  -1.6068296e+00
   1.0728718e+00
   5.6635181e+00
   1.2751859e+00
  -2.8913176e-01
   9.7669796e-01
  -2.7999107e-01
   9.3806616e-01
   6.9235935e+00
  -6.7659695e-01
   1.9542540e+00
   3.0053313e-02
  -4.6779918e-01
   6.3168313e+00
   6.0512400e-01
   2.6082812e+00
   3.4778506e-01
  -7.4652014e+00
   2.2405913e-01
   2.2865830e+00
  -2.5423868e+00
   6.9428562e+00
   9.5536467e-01
  -5.6908252e+00
   1.9348626e+00
  -1.0145640e-01
  -8.0083312e-01
   2.3893678e+00
   2.1271429e+00
  -1.2591125e+00
   8.1130675e-02
   3.2726638e-01
  -8.0168754e-01
  -1.5253523e-01
  -1.4036860e-01
   3.1707807e+00
  -1.9122523e-01
   1.6008615e+00
  -5.9956850e+00
   2.2655842e+00
   5.5741029e+00
  -8.1664099e-01
  -4.0014401e+00
   4.4913219e+00
  -1.3096270e+00
  -1.0852105e+00
   1.2911518e+00
   1.2074618e+00
   3.9556644e-01
   7.4378587e-01
   5.7213128e+00
  -1.5380638e+00
  -3.5486720e-01
  -2.2766132e-01
   8.7792673e+00
   2.8334250e+00
  -2.6110903e-01
  -4.3207141e-01
  -5.6788995e+00
   2.1400784e+00
  -2.9395252e-01
  -4.3247739e-01
   1.0362800e+00
  -1.3255164e+00
  -1.4129074e+00
   1.2727413e+00
   8.1451194e-03
  -2.5103940e-01
  -3.3713034e-01
  -2.0867059e+00
  -2.1496239e+01
   1.8843003e+01
   3.9294662e-01
  -2.0029354e+00
   7.8409512e-01
  -2.2918708e+00
  -4.8593663e-01
  -6.0715937e+00
   3.6959687e+00
  -4.0835638e+00
   2.6538012e+00
   9.3733941e-01
   9.4159673e+00
  -1.4974045e+00
   1.0044466e+00
  -1.4518835e+00
   3.1500712e+00
  -3.5051607e+00
  -1.6093943e-01
  -1.0833979e+00
   1.7943726e+00
  -2.2496630e+00
   1.2613444e+00
  -5.5561815e+00
   1.1062310e+00
  -1.8716576e+00
  -2.0901004e+00
   1.1018253e-01
   4.4540297e+00
  -3.0296102e+00
   4.5326967e+00
  -3.6768432e+00
  -8.5592211e+00
   1.3060410e+00
  -3.2219612e+01
   3.2184692e-01
  -9.7410713e-01
  -2.3019397e-01
   2.2588710e-01
   6.8935384e-01
   3.9890536e+01
  -2.1905433e+00
