 -1.49389875e+00
 8.38240019e-01
 -4.42101361e-01
 6.24608951e-01
 -2.10688621e+00
 -4.40926181e-01
 6.21770405e-01
 -1.38271872e+00
 -3.87116300e+00
 -3.41818563e-01
 2.47201101e+00
 -5.63729443e-01
 2.23659710e+00
 -2.32721010e+00
 1.48296961e+00
 7.62773809e-02
 1.44307099e+00
 2.38544056e+00
 -2.52302635e+00
 -8.84276601e-01
 -1.90280382e+00
 4.81730469e-01
 -4.65771246e+00
 9.53949552e-01
 -9.56862488e-01
 1.68173941e+00
 1.68558028e+00
 5.08692250e-01
 -2.58372651e+00
 -5.52771338e+00
 -1.20530442e+00
 8.37851159e-01
 -1.78154553e+00
 -1.47090339e+00
 1.25945132e+00
 8.83317194e-01
 6.38175442e-01
 -3.34558331e+00
 -6.04597204e-01
 2.23422367e-01
 -8.64442795e-01
 -2.90858468e+00
 -2.38929806e+00
 -2.44151790e+00
 -3.44116215e+00
 -2.19175874e-01
 9.56963420e-01
 -4.36784281e+00
 -2.31673200e+00
 -1.63980300e+00
 -3.21729074e-01
 -2.08021326e+00
 -1.26984757e+01
 9.98553032e-01
 7.15489080e+00
 -1.37294883e+00
 6.96866848e-01
 -3.73131818e-01
 2.18047435e+00
 2.32466512e-01
 -1.15441091e+00
 8.99919233e-01
 1.40464899e+00
 -1.53294971e-01
 -9.97328303e-02
 -4.08573408e+00
 -1.96493381e+00
 4.49919343e+00
 -5.68151360e-01
 -5.57964173e-01
 -7.85617859e-01
 -4.43286553e-01
 1.68075045e+00
 -4.77888217e-01
 -1.00076004e-01
 1.22083922e+00
 3.31661082e-01
 2.51861753e-01
 -1.41192625e+00
 1.35201086e-01
 3.61877666e-01
 -3.69918410e+00
 1.26535672e+00
 -8.26646458e-01
 5.83107298e-01
 -6.81846696e-01
 6.98709483e-01
 -1.59647464e+00
 -2.36430482e+00
 1.68660802e+00
 -3.96963649e-01
 -1.74230490e-01
 -2.43471088e+00
 1.14868092e+00
 1.72900475e+00
 1.51892160e+00
 -9.89174787e-02
 4.54261255e+00
 3.34234379e+00
 -3.69625392e+00
