 7.99049647e-01
 -1.25469327e+00
 -1.22033628e+00
 -5.12448244e-01
 -2.50053241e+00
 -2.66545319e+00
 -2.23313187e+00
 -1.55457705e+00
 -9.86233427e-01
 -1.55393073e+00
 -2.72236063e+00
 -2.20031578e+00
 3.61343406e-01
 -1.05417894e+00
 -8.30783576e-01
 -1.74999679e+00
 3.69057689e+00
 -2.91575424e+00
 -2.32547498e+00
 -2.07316396e+00
 -1.44376009e+00
 -3.09047671e+00
 1.01053647e+00
 -6.62493566e-02
 8.06547027e-01
 1.38547722e+01
 -1.57288574e+00
 -1.56597872e-01
 -1.36028560e+00
 -3.57779299e+00
 -2.16086161e-01
 -1.50725999e+00
 -2.20386601e+00
 -2.91336014e+00
 -2.48867890e+00
 -1.71535013e+00
 1.28229385e+01
 -2.33853486e+00
 -2.79998790e+00
 4.58413659e-01
 4.56524943e+00
 -2.13503788e+00
 -2.61277439e+00
 -1.82189919e+00
 -6.17972635e-01
 -1.84318684e+00
 1.35988556e-01
 8.12536704e+00
 -2.50983553e+00
 -1.62703990e+00
 -2.31322352e+00
 -2.61095919e+00
 -2.65279673e+00
 -2.73868652e+00
 -1.38363197e+00
 7.08165499e-01
 4.67107693e-01
 3.96037670e+00
 5.82403697e-01
 -3.58105155e+00
 -3.43084983e+00
 -2.74154792e+00
 1.84453488e+00
 -1.84505593e+00
 -2.29002919e+00
 -1.86688767e+00
 -3.56008259e+00
 -5.89589895e-02
 -1.63143610e+00
 -3.63514282e+00
 -2.28750311e+00
 6.51744563e-02
 9.32097991e-01
 -1.77272351e+00
 -2.60170099e-01
 -1.83082284e-01
 3.53696864e+00
 -2.88145084e+00
 -2.07863919e+00
 -8.83444810e-01
 -1.34733635e+00
 -1.86521905e+00
 -1.90213100e+00
 -2.74321819e+00
 -2.07576560e+00
 -3.31082821e+00
 -2.56256368e+00
 -1.06987024e+00
 -2.54295793e+00
 -3.00724503e+00
 -2.15686519e+00
 -1.80079465e+00
 1.87442389e+00
 7.07760545e-01
 4.27299045e+00
 5.61407430e-01
 1.67147148e-02
 -2.40536815e+00
 -1.25454947e+00
 1.53819490e-01
