 1.49224720e+00
 7.91515669e+00
 4.14285352e-01
 4.23997301e+00
 -3.57796725e-01
 2.87314020e+00
 -1.70965078e-01
 -8.13857175e-01
 4.66445159e-01
 5.54983514e-01
 -1.26759671e+00
 3.12340125e+00
 5.58818132e-01
 -2.46867685e+00
 -5.92426051e-01
 -4.97312896e+00
 1.95389944e-01
 3.93454596e+00
 3.94034280e-01
 -1.65166501e+00
 1.21083260e+00
 6.69898157e+00
 3.01739839e+00
 -2.34375446e+00
 -3.75597302e+00
 3.29341394e+00
 -7.49368074e-01
 4.30435597e-01
 -2.86884963e+00
 6.10054879e-01
 1.99284577e+00
 -1.67922508e+00
 -2.77491413e+00
 -1.32743826e+00
 -4.83019640e+00
 3.38803629e+00
 -2.60414768e+00
 -6.73081299e-01
 2.02505527e+00
 -2.34570425e+00
 2.49204308e+00
 -2.56730939e+00
 -4.24232509e+00
 -2.10933214e+00
 2.08544324e+00
 6.60738969e-01
 -5.08907615e-01
 -1.82351170e-01
 1.07154520e+00
 2.23666719e+00
 -1.30485119e+00
 4.04846005e+00
 1.67063246e+00
 1.08650123e+01
 5.81791907e-01
 3.64405926e-01
 -1.48254426e+00
 3.91935437e-01
 7.76570893e-01
 -6.43254622e-01
 -3.75899126e+00
 8.91866809e-01
 1.97655949e-01
 -4.27707885e+00
 4.02003083e+00
 -1.92324044e+00
 2.22264420e+00
 -2.40520868e-01
 -9.59793333e-01
 5.23927465e+00
 5.70776834e+00
 5.97641811e-01
 -1.59512584e+00
 2.30758149e+00
 -1.29886469e+00
 6.50998775e-01
 -2.85942801e-01
 -2.02665074e+00
 -1.12713491e+00
 4.19135508e+00
 -1.69551256e+00
 -1.84483060e+01
 9.62515467e-02
 1.95422046e+00
 2.16244612e+00
 -2.51242165e+00
 -1.29519911e+00
 1.62412617e+00
 1.08922035e-01
 5.87218067e-01
 -2.80711019e+00
 1.62335883e+01
 4.78609696e-01
 6.89718175e-02
 -1.15070656e+00
 -2.56014732e+00
 -1.80084873e+00
 -2.90417896e+00
 -7.71417261e+00
 7.11305993e-01
