   1.5194784e+00
   3.2795612e+00
  -2.3722243e+00
   3.5834457e+00
   4.4156686e-01
  -3.1605751e+00
  -8.3525002e-01
   1.4835692e-01
   7.4462975e+00
   9.0288981e+00
  -1.8517507e+00
   1.0793397e+01
   7.3864992e+00
  -4.5976108e-02
   1.3789354e+00
  -2.0928254e+00
  -2.5086666e-01
   3.6888533e+00
   1.3078189e+00
   7.8155686e+00
   5.3245575e-01
  -8.8758989e+00
   1.9494098e+00
   4.7530626e+00
   6.2905932e-01
   1.0498548e+00
   9.5775491e-01
  -3.5213865e-01
   5.3139650e-01
  -1.6766104e+00
   7.5597299e-01
  -9.9660589e+00
  -8.4368615e-01
  -6.8456750e+00
  -3.1747398e+00
   1.6142443e+00
   7.0200774e-01
  -6.4747614e-01
   6.3423834e+00
  -9.2047158e+00
  -1.9485156e-01
  -3.9027539e-01
   1.1025765e+00
   1.3336184e+00
  -1.5030104e+00
  -3.2167187e-02
  -1.7263085e-01
   4.9502025e-01
   7.7248839e-01
   1.0298895e+00
  -8.4852645e-01
   6.3330982e-01
   5.2986701e-01
  -1.7841591e+00
  -2.5491343e+00
  -5.1395275e-03
   7.8649323e+00
  -5.4817766e-01
   2.7447337e-01
  -1.1797376e+00
   1.0079930e+00
  -9.6848816e-01
   1.8716815e-02
   7.2212017e-01
   2.8025338e+00
   7.7765579e+00
   1.4942951e-01
  -2.1491667e+00
  -1.9734187e+00
  -9.5390303e-01
   1.8287422e+00
  -9.7344985e-01
   1.5149261e+00
  -1.0415344e+00
   4.4256262e+00
  -5.0958969e-01
  -1.4078055e+00
  -9.9321300e-01
   3.8162374e-01
  -8.4113085e-02
  -5.0297579e-01
   1.7009983e+00
   2.7446100e-01
   1.5749447e-01
   3.7569198e+00
  -7.9683252e-01
   1.0462955e+00
   1.0237094e+00
  -3.9430867e-01
   2.1635190e-01
  -4.1165966e+00
  -5.8434727e+00
   9.7056411e-02
   1.2023736e+00
   4.7543553e+00
  -2.3127331e+00
   2.1964944e-01
  -9.6459646e-02
  -2.6731614e+01
  -5.6158525e-01
  -1.7898163e+00
   1.3256587e+00
  -6.7403356e-01
   8.9880355e-02
  -1.7449139e+00
   3.3181754e-01
  -9.2164850e-01
   5.2577425e-01
   6.7599789e-01
   9.8845304e-01
  -1.5664074e-01
  -3.7092925e+00
  -1.1416532e+00
   3.5817725e+00
  -1.9268867e+00
   1.6412926e+00
   1.2104231e-01
   8.2346935e+01
  -3.9895368e+00
  -1.8205376e-01
  -2.8720126e+00
   8.3142310e+00
  -6.8681917e+01
   1.1701829e+00
   1.5466275e+00
   2.2851087e+00
  -3.6810045e+00
  -3.2567478e-01
  -9.3982897e-01
   1.3770048e+00
  -2.1886748e-01
   3.4683449e+00
  -1.5557204e+00
  -9.1682817e-01
  -2.0325355e+00
  -2.1950773e+00
   2.2968379e+00
   2.5576735e-01
   1.5793427e-01
  -2.0419879e+00
   2.0096937e+00
   4.0341574e-01
  -5.0576241e-01
   4.1648714e-02
  -3.1865143e-01
  -4.1102685e+00
  -1.0654541e+00
  -2.4507421e+00
  -1.5337978e+00
  -1.0652102e+00
  -2.6592857e-01
  -6.3584207e+00
   3.1694536e+00
   5.7072105e+00
  -2.8709184e-02
  -3.3776668e-02
  -5.5912178e-01
   3.0794560e+00
  -4.3555096e-01
  -2.7450181e+00
   1.2107432e+00
  -3.6094924e-01
  -1.0536169e+00
  -3.1138517e-01
  -3.1984725e+00
  -2.2721143e+00
   5.4320737e+00
   7.2105100e+00
   2.4077196e-01
  -5.2619807e+00
  -1.1005133e+00
  -4.9708882e-01
   1.5888909e+00
  -2.0648727e+01
  -7.3533509e+00
  -1.7032186e+00
   5.0603015e-01
   8.9128155e-01
   5.0063769e-01
  -1.5541109e-01
   1.4876590e-01
  -7.4435275e-01
   9.6719780e-01
  -1.4818968e+00
   6.6489106e-01
  -1.5379833e+00
  -4.3840265e-01
   4.1649208e-01
   1.2105524e+00
  -3.8383345e+00
   4.4335523e+00
   1.1761718e+00
  -4.1519143e-02
  -2.0427859e-01
  -1.6875901e-01
  -6.9649698e-01
   2.6737098e-02
   3.3852790e-02
   1.5500908e+00
   1.3304069e+00
   4.8724146e-01
  -4.0099039e-01
   1.4872867e+00
   1.0349176e-01
  -5.0665149e-01
   5.1542941e+00
   2.4345846e+00
   1.5888797e-01
   4.0495059e-01
   2.8048567e-01
  -1.3082479e+00
  -7.2057717e-01
  -9.1601920e-02
  -1.1307767e+00
   1.8787945e+00
  -1.4250981e+00
  -1.1640070e+00
  -1.6823555e+00
  -1.1511970e+00
  -2.0480197e-01
  -6.7454885e-01
   4.0738291e+00
  -2.2284249e-01
  -1.5242706e+00
   3.2462309e+00
   1.5696535e+01
  -1.9444198e-01
  -2.7472596e+00
  -9.5056981e-01
  -2.9489316e-01
   3.0728281e-01
  -9.2607128e-01
   3.3482349e-01
   7.8181531e-01
  -1.1953754e+00
  -2.5868307e+00
  -7.4262067e-01
  -6.4001630e-01
  -2.4284909e-01
   2.4692546e-02
  -3.6322491e+00
  -9.2449400e-01
   1.3856487e+00
  -1.0862842e+01
   4.3992934e+00
   8.8346763e-01
  -3.5801248e-02
   2.5182307e-01
  -1.0832706e+00
  -1.3000530e-01
   8.5849175e+00
   1.4811355e-01
   6.6497929e-02
  -1.1228887e+00
  -3.4892917e-02
   4.1075833e-01
   6.3081631e-01
  -3.4056919e-01
  -4.4233332e-01
   2.6473515e+01
  -8.3949805e+00
   2.6506535e+00
   3.5795783e+00
   1.3422431e+00
  -3.1205829e+00
  -9.2806073e-01
  -5.6890511e-01
   6.3342107e-01
  -2.1862492e+00
   8.3378824e-01
  -2.8688460e+00
   5.2448470e-01
  -1.8305162e-02
   1.2014865e+00
   8.0134234e-01
   3.2046605e+00
   2.8030694e+00
  -5.7387996e-01
   7.2053977e-01
  -1.3964881e+00
  -1.0390396e+01
   9.6344380e-01
   7.0483485e-05
  -6.3160240e-02
   3.2404866e+00
   3.5954899e-01
   3.8747191e-01
   2.1154796e+00
   1.4275167e+00
   2.4580628e-01
  -1.5442250e+00
  -1.0653478e+00
   2.6849234e+00
  -1.1070891e+01
  -3.1736372e-02
  -1.7163190e+00
   1.4908230e+01
   7.8932755e-01
   1.4816521e-03
  -9.1079150e-02
  -5.2765005e+00
   6.4334358e-01
  -7.4573130e+00
  -4.3802147e+00
   6.8120060e-02
  -3.1887794e+00
   1.5556729e+00
   1.5492294e+00
   8.4026400e-01
  -1.9646632e+00
   5.4814081e-01
   5.8484278e-02
   1.1749841e+01
   5.0554100e-01
   1.3793922e+00
  -1.4617678e-01
  -2.1565104e-01
   1.6354685e+00
  -3.7256603e+00
  -2.2491229e+00
  -1.6505493e+00
  -3.5669760e-01
   1.7077592e+00
   1.4074275e+00
  -5.2003498e+00
  -3.2749961e-01
   8.4634124e-02
  -2.6750208e-01
   5.3697711e-01
   4.2520015e-01
  -7.6574388e-01
  -2.1808626e-01
  -2.0536973e+01
   1.9957228e+01
  -1.7257629e+00
  -2.8847430e+00
  -4.2377974e-01
  -1.3936320e+00
  -3.2408580e-02
  -5.5182895e-01
   6.5300621e+00
   3.9116781e+00
  -5.9874091e+00
   9.2647896e-01
  -8.8654722e-01
  -2.4728216e-01
   1.5153504e-01
   5.4986388e+00
  -2.6432457e-01
   1.8764327e+01
  -7.1958195e-01
   7.3182976e-01
   5.7597794e-01
   1.2354225e-01
   7.1748821e-01
   5.7676921e-01
  -1.5963737e+00
  -2.3509918e+00
   3.4613657e+02
  -1.6773963e+00
  -9.7296978e+00
   1.9466945e-01
   2.5696328e+00
   5.8790668e-01
  -1.4671556e+00
  -4.3678579e-01
  -1.2401305e-01
   1.7315972e+01
  -1.8686797e+00
   2.0497686e+00
   4.8897802e-01
  -4.0953877e-01
  -1.4623094e+00
  -2.2929623e-01
  -5.6539493e-02
  -2.5116014e+00
   2.8884973e-01
  -1.1620417e+00
  -3.7923654e-01
   2.6678130e-01
  -9.8871570e-01
  -7.7346454e-01
   3.8539392e-01
  -9.0831809e-01
   1.6246970e+00
   1.8342413e+01
   8.8300866e-01
  -5.3399826e-01
   2.7042895e-01
  -2.8399034e+00
   3.2987275e+00
   2.5177061e+00
   1.5515119e+00
  -9.3476781e-01
   3.0542774e-01
  -1.4115610e+01
  -2.3921729e-01
  -6.6718443e-01
  -1.7990643e+00
  -1.5893314e+00
  -2.4711523e-01
  -3.2787757e+00
   3.1979969e-01
  -9.1599044e-02
   7.0727662e-01
   7.2600435e-01
   4.6493863e-01
  -9.4372110e+00
  -4.5539080e+00
  -6.3638461e-01
   9.7268021e-02
   5.2724526e-01
  -2.9865550e-01
   1.5755424e+00
   8.1862488e-01
   1.0120357e+01
   9.8757568e-02
  -6.1217142e-01
  -2.9020295e+00
   3.6342794e-01
   1.1995731e+00
  -2.4522524e-01
  -3.4090865e+00
  -9.0151493e-01
  -1.9080996e+00
  -8.2196610e-01
  -1.9048301e-01
   8.5478717e-02
  -1.3455870e-01
   2.4222077e+00
   5.6773251e-02
   5.5868951e+00
   4.6180307e-01
   7.4796234e+00
  -1.0601630e+00
   6.1766116e-01
  -7.8039719e-01
   5.9909157e-01
   7.0347139e-01
  -4.6101062e+00
  -9.7034657e-01
  -1.1780251e+00
   5.8224503e-01
   1.8799814e+00
  -5.3163703e-01
   1.2128183e+00
   6.1423668e-01
  -4.7393561e+01
   3.3247522e-01
  -3.7152291e-01
   3.7006234e+00
  -2.7653580e+02
  -1.1851976e-01
  -2.4224275e-01
  -1.2340564e-01
   1.1354254e+00
  -6.2377963e-01
   1.2461111e+00
  -9.0227816e-02
  -8.8631207e+00
  -1.6218343e+00
   8.3661761e-01
  -8.3489389e-02
  -1.9218161e+00
  -5.4516270e-01
   3.5078408e-01
  -1.4542397e+00
   9.2980492e-01
  -1.0459676e+00
   3.7679031e+00
  -8.8687180e-01
   1.1024597e+00
  -1.4848431e+00
  -7.8834574e-01
  -3.3976158e+00
   2.4410082e-01
   6.4954119e-01
   1.4743105e-01
  -2.3765839e-01
   4.8772612e-01
   5.0013357e-01
   6.3029475e-01
   4.5449603e-01
   5.7483045e+00
  -1.2981381e+00
   7.7207148e-01
  -1.0904865e+00
  -2.5397756e+00
   3.5048326e-01
  -1.5794103e-01
  -1.3039934e-01
   5.5773769e-01
   1.1363304e+00
  -5.0866303e-01
   5.5800482e-01
  -2.6966070e-01
   1.8453982e+00
   1.7268286e+00
  -9.6032741e-01
   3.7235234e-01
   2.6430195e-01
   1.2868984e-01
   2.3096896e+00
  -9.1119979e-01
  -6.4313936e-01
  -2.5440348e+00
   5.2269683e+00
   4.9204664e-01
  -6.4607852e-02
   4.6794594e-01
   1.4141126e-01
   4.9893178e-01
   1.3875201e-01
   8.3282540e-01
   7.0788976e-02
   5.0555898e+01
  -1.2190764e+00
  -2.8970328e+00
  -2.7859120e+00
  -4.9387810e+00
  -3.0908512e-01
  -1.6362861e-01
  -4.4843404e-01
   1.0886672e+00
   4.2491462e-01
   1.1486048e+00
   4.6700082e+00
   1.1648618e+01
  -1.4514731e+00
  -2.1447653e+00
   7.0877185e-01
  -3.2939493e+00
   7.9980177e-02
   9.5619000e-02
   2.1450118e+00
  -4.7620604e-02
  -3.4780353e-01
   5.9748313e-01
   9.4652717e-01
   6.3080153e-02
  -5.1861029e-01
  -1.9626524e+00
   2.7726012e-01
  -9.2645903e-01
  -7.1138052e+00
   1.0314872e+00
  -1.0463903e+00
  -1.8294958e-01
   6.6952494e-01
  -4.7352921e-01
   9.1765533e-01
  -3.4340357e-01
   6.4977629e-01
   7.4615211e-01
  -1.8326420e-01
  -1.6238356e+01
  -5.8776640e-01
  -2.4237427e-01
  -8.8010984e-01
  -1.4035185e+00
   1.5947433e+00
  -2.2378573e-01
   2.7177406e+00
  -3.5582954e-01
   1.1279355e+00
  -3.3610059e-01
   1.4567806e+00
   1.0324202e+00
  -4.0542374e-01
  -1.2400483e+00
   1.2926034e+00
   6.2256071e+00
  -6.0176893e-01
   5.9677240e-01
  -1.9517563e-01
   1.7341546e+00
   1.1260803e+00
  -1.7246993e+00
   2.1598888e+00
   3.1418571e+01
   4.5343663e-02
   2.6284527e+00
   2.8381411e-01
  -1.8922298e+00
  -1.3776300e+00
  -3.0093023e-01
   9.9190068e-01
   1.6385901e+00
   1.2888831e+00
  -6.4114195e-01
   1.0742602e-01
  -3.4440143e+00
  -2.7315893e+00
  -2.1909893e+00
   6.2869610e-01
  -1.5153001e-02
  -1.4743388e+00
  -1.5690951e-02
  -1.9996136e+00
  -5.7324906e+00
   1.9735214e+00
   1.9258259e-01
   4.4480619e+00
   7.1066553e-01
   2.6612379e-01
   1.5265023e+00
   2.5030289e+00
   2.8694995e+01
  -6.0935034e+02
   2.2229159e+00
   3.6915674e-01
   3.1662749e+01
   8.7179362e-02
  -6.4418066e-02
   1.3887077e+00
  -1.1498929e+00
  -5.9870323e-03
   3.1059629e+00
   2.3895339e-01
   1.8912306e+00
   9.3105602e-01
   2.7690482e-01
  -1.0207310e+00
   5.7630167e-01
  -3.7250527e+00
   4.1775058e-01
   5.5362524e-01
   8.8023405e-01
   2.7983353e+00
   1.7968349e+01
   1.1273268e+00
   2.6160590e-01
   4.3649519e+00
   2.5705899e-01
  -1.8725134e+01
  -2.5059196e+00
   2.1729500e+00
  -4.9374028e-02
   1.8866023e+00
  -1.2941795e+00
   1.6577203e-01
   4.3230375e-01
  -9.9164540e+00
   3.7683999e-01
  -4.6134362e-01
  -6.3743189e+00
  -3.2778577e-02
  -1.4467785e+00
  -2.4559280e+00
  -1.3275774e+00
  -2.0169008e+00
  -1.4807211e+00
  -7.4181624e+00
   4.5226606e-01
  -8.1744082e-01
   1.2185282e-01
   7.0357725e-01
  -2.7771327e-03
   1.1294901e-01
  -1.7393504e-01
  -2.4373056e+00
  -3.0302726e-02
   2.0091720e+00
   2.3913897e+00
  -8.7997656e-01
  -1.3021406e+00
   2.0702311e-01
   4.7176138e-01
  -2.6672970e-01
  -1.3234084e+00
   6.0588594e+00
  -3.7921318e+00
  -2.8996567e+00
  -2.0902120e+00
  -1.7346452e+00
   3.9941595e-01
   2.3579588e-01
  -6.0575552e+00
   4.5544192e+00
   8.7417378e-01
   9.2638297e-01
  -4.9537309e+00
   2.1327653e+00
   4.7837775e+00
   2.0385932e+01
   2.1068479e+00
   1.2527061e+00
   4.2051160e-02
  -1.6022976e+00
  -3.2982584e-01
  -2.2347301e+00
  -1.0272408e+01
   5.1664587e+00
  -7.2029211e-01
  -7.4820201e-01
  -5.7901463e-01
  -1.0382906e-01
   5.0241661e-01
  -1.2590805e+01
   1.8492445e+00
   1.8761207e-01
   2.0267284e+00
  -5.1794662e-01
  -1.7120624e-01
  -5.8116912e+00
  -1.6078582e+00
   5.6129894e-01
  -5.8788850e-01
   3.0285968e+00
  -2.5691146e+00
   2.7470855e+01
   1.2627224e-01
   7.6028368e-01
   6.2612549e+02
  -7.8655841e-01
  -2.7518195e-01
  -1.1091002e-01
   1.0917780e+00
   1.5562692e+00
  -3.0704106e+00
  -1.5965465e+00
  -4.7196596e-01
  -5.5539597e+00
   6.8864422e-02
  -5.6686042e-01
  -1.6241792e+00
  -1.2980389e+00
   3.2561393e+00
   6.1449247e-01
  -9.9385371e-02
   3.5301257e+00
  -2.9506274e+00
   9.7239955e-01
   9.1723517e-01
   1.9682768e-01
  -1.5307865e+00
   3.1526124e-01
  -7.2684501e-01
  -2.2311254e+00
  -1.2676621e+00
   2.9190156e+00
  -4.3797487e+00
  -1.0483588e+00
  -5.8651617e+00
  -1.8515906e-01
  -2.3949431e+01
   2.9877220e+00
  -1.4072160e+00
  -3.3107620e+00
  -6.9176060e-01
  -1.3893260e-01
  -3.0236338e+00
   6.9038791e+01
  -5.8255821e-01
  -7.3935551e-01
  -5.0651497e+00
  -7.3500534e-01
  -6.8187321e+00
   1.7054666e-02
   1.0744971e+00
   4.3673546e-01
  -3.4464009e+00
  -3.8513921e+00
   1.1876769e+00
   3.2554536e+00
   1.0649762e-01
  -2.8009362e+00
   1.6411984e+00
  -5.5756278e-01
  -7.5587850e-01
   9.7710077e-01
  -3.0783568e+01
  -6.5194119e+00
   5.8259589e-01
   3.3700818e-01
   8.2187622e-02
   8.7999763e-01
   7.6195108e-01
   1.2194958e+00
  -7.8590958e-01
   6.9129103e-01
   1.7993868e-01
  -3.3704744e-01
  -5.1034921e+00
   1.2101505e+00
  -5.5968086e-01
   3.5246682e-01
   9.4650398e-01
  -2.9263625e+00
  -2.3535783e+00
   1.5690374e-01
  -4.6436516e-02
   2.7906849e+00
   1.3669699e+00
   9.0615311e-01
  -6.1471687e+00
  -4.2906780e+00
  -3.5024189e+00
   1.3614922e+00
   5.5253719e+00
   6.5111620e-01
  -2.2699928e+00
   8.4179238e-01
  -2.7679586e+00
  -2.5850146e+00
   4.7332205e-01
  -5.9643765e-01
   5.2470373e-01
   9.9455766e-01
   2.6745226e-01
   9.3925365e-01
  -1.1001869e+00
   9.0968619e-01
   1.0795517e+01
   2.2510523e+00
  -3.6004619e+00
  -4.4609495e-01
  -4.3573028e-01
   6.5700528e-01
   3.1778535e-01
   1.2838866e+00
  -4.4152119e-01
  -1.3229561e+00
  -3.5816027e+00
   1.1482663e+00
  -1.3260134e+00
  -3.6616785e-01
   1.6411716e-01
  -1.1418249e+00
   4.7803242e-01
  -4.8795019e-02
  -1.9347963e+00
   1.2238409e+00
  -3.0578523e+00
  -7.5541811e-01
  -1.0826600e+00
   9.7293316e-02
  -3.3824956e+00
  -3.0655580e-01
  -2.9253712e+00
  -2.7162945e+00
   1.2436167e+00
  -7.6780801e-01
   3.3723718e-01
   8.9096981e+00
  -2.1534370e-01
   7.0164937e-01
   1.0522295e+00
  -2.1482656e-01
   5.3147768e-01
  -2.7843278e+00
   4.7358243e+00
  -1.4970048e+00
  -9.0318292e-01
   1.3568353e+00
  -3.8963588e-02
   1.1268217e+00
  -3.3884681e-01
  -8.6534215e-01
  -8.5097306e+00
   6.0545657e-01
  -2.2496358e-01
  -1.5278819e-01
   3.5951536e-01
  -5.2961030e+00
  -6.5323415e-01
   1.1540239e+00
   7.0955870e-01
  -2.4071055e+00
  -2.3078504e+00
  -3.3494318e+00
  -4.0694871e+01
  -2.4636969e-01
   5.3178044e-01
   8.4285568e-01
   9.8362281e-02
  -2.8103083e+00
   4.3934296e-01
  -2.3823999e+00
  -2.2277423e+00
  -3.1245745e+00
  -2.0904461e+00
  -1.7123078e+00
  -1.4110549e+00
  -6.4578185e-01
  -6.5046965e-01
  -1.2278092e+00
  -9.9347522e-01
   2.8597164e+00
   7.4212897e-01
   1.7691784e-01
  -1.5282731e+00
  -1.2723467e+00
  -4.0340410e+00
   3.6019953e+00
   7.5928175e-01
   1.8357068e-01
  -6.6396533e-01
  -1.7378850e+00
   4.0503168e-01
   2.6369701e+01
  -1.6856818e+00
  -9.5220043e-01
  -3.3607331e-01
  -4.2240213e+00
   6.5281966e-01
  -3.1664442e-01
   1.8526363e+01
  -3.1735090e-01
   3.9837196e-01
  -1.8977473e+00
  -3.9104758e-01
  -1.8037422e+00
   1.0523166e+00
   2.3331750e+00
  -5.0645552e-01
   6.5928905e-01
  -7.5501209e-01
   9.6522889e-02
   1.7206724e+00
   3.1622458e-01
  -5.6909437e-01
  -7.3026896e-01
  -1.5004599e-01
  -2.4791553e-01
  -4.7207581e-01
   1.8529312e-01
   9.5422481e-01
  -2.4229016e-01
  -2.2565242e-01
  -2.4169458e+00
  -1.3001728e+01
  -7.7474771e-01
  -6.4560020e-01
   5.2421548e-01
   7.3463894e+00
   4.8852789e+00
  -1.3308139e-01
  -1.0616897e+00
   1.0913708e+00
   1.0603926e+00
   9.4290119e-01
   9.6110874e-01
  -2.8934326e+00
   6.4151739e-01
  -1.1593558e-01
  -1.2712583e+00
  -3.1271243e+00
   1.6155664e+00
  -1.6317396e+00
  -1.7716341e+00
   5.7450769e-01
   2.9025795e+00
   5.2066118e-02
   7.3959422e-01
  -1.9090672e+00
   6.7902506e+00
   1.2915212e-01
   6.3344725e-01
  -8.6674656e+00
   1.4635677e+00
   9.9135955e-01
  -2.5213826e+00
   7.8844477e-02
  -6.0920416e-01
   1.4696990e-01
  -3.2881160e-01
  -2.7325373e-01
  -1.5677046e+00
  -9.6671423e-01
  -1.5478751e+01
   4.0902525e+00
   5.2425455e-01
   4.6528711e+00
  -1.7723825e+00
   3.9512383e+00
   1.3288979e+00
   2.4804842e-01
  -1.9064431e-01
  -9.5327031e-01
   1.0123049e+00
  -1.1438807e+00
  -4.8916959e+00
   1.1152742e+00
   5.9650750e-01
   8.0224781e-01
   4.7849645e-01
  -2.5994580e-01
  -3.5732000e-01
   1.5343024e+00
  -6.4601297e-01
   1.5175684e+00
   1.2814730e+00
   1.9976070e+00
   1.7709807e-02
   4.5402108e-01
   6.4306474e+00
  -1.7788318e-01
  -5.2405002e+00
   2.2476182e+00
