   3.0347465e+00
   3.0067422e+00
  -3.6171900e+00
  -2.2834892e+00
  -1.0966237e+00
  -2.7640484e+00
   2.7171567e+00
  -1.3820207e+00
  -4.5160856e+00
  -1.4991852e+00
  -8.7124193e+00
   5.1766059e-01
  -1.6587344e+00
   1.2599877e+00
  -6.6138671e+00
   2.1946172e+00
   3.5336678e+00
   1.0733138e+01
   1.9405800e+00
  -2.0720251e+00
  -1.6492794e+00
  -3.8158591e+00
  -7.3104390e-01
   9.1210228e+00
  -4.6101155e+00
   8.3748719e-01
  -9.8265834e-01
   6.9760029e+00
   2.5564450e+00
   7.4347229e-02
  -7.5344035e+00
  -2.1482436e+00
  -4.4148500e-01
  -2.0545881e-02
   2.4664822e+00
  -2.7825411e+00
  -1.8043969e+00
   3.8779403e+00
   1.1167655e+00
   1.7212890e-01
  -5.0897592e+00
  -1.2023791e+00
   3.0015012e+00
   1.3566414e+00
  -1.1968905e-01
   2.5439816e+00
   4.4496373e+00
  -2.0778822e+00
   3.9880959e+00
  -9.4104484e-01
   1.4844475e+00
  -2.8057671e+00
  -1.8371264e+00
  -1.9557584e+00
  -8.8967912e-01
  -5.9324383e-01
   1.7583010e+00
  -8.0307723e-01
   2.6237375e-01
  -7.7262196e-01
   1.0557853e+00
  -1.2748926e+00
  -3.8936332e+00
  -4.1636174e-01
   6.1092165e-01
   6.3462959e+00
  -2.0549424e-01
   5.6936534e-01
  -2.7729442e+00
   1.6816299e+00
   1.7710973e+00
   1.7977170e+00
   1.0122912e+00
  -3.6042387e+00
  -2.7745358e+00
   1.9043831e+00
   1.7901116e+00
   1.5017611e-01
   7.1410571e-01
   5.5839867e-01
  -2.6585568e+00
   1.0003724e+00
  -6.7422961e-01
   2.5052904e+00
  -1.6751642e-01
  -1.2926220e+00
  -3.5867161e+00
  -2.0733450e+00
  -1.0236608e+00
  -2.2734704e+00
  -4.9169265e-01
   1.2465638e+00
   1.9076101e+01
   3.6765914e+00
   2.0541923e+00
  -9.9808783e-01
  -4.7865454e-01
   9.8909387e-01
  -2.4295733e+00
  -9.7214893e-01
  -3.6603517e-01
  -8.4045944e-01
  -1.5137307e+00
  -5.2610479e+00
   2.4709677e+00
  -5.6446942e-01
   1.5341466e-01
   1.4106308e+00
   1.3166920e+00
  -2.3748540e-01
   2.8425787e+00
  -4.9445552e+00
  -3.3800575e+00
  -2.3234444e+00
   1.0326438e+01
   3.6647098e-01
  -8.2105610e+00
   1.1162586e+01
  -2.2219042e+00
  -4.7477708e-01
  -1.5401507e-01
   9.0120146e-01
  -2.3162461e+00
   2.1675051e+00
   2.5562925e+00
   2.5660351e-01
  -1.1344287e+00
   3.6363417e-02
   2.2689386e+00
  -1.9886865e-01
   1.6194309e+00
   1.7605116e+00
  -6.1314633e+00
  -3.7840354e+00
   3.4399843e+00
   2.6434373e+00
  -1.4017978e+00
   2.2137418e+00
   1.0067190e+00
   1.3604452e+00
  -9.9219399e-01
  -5.2947997e+00
   3.0672614e+00
  -1.8334909e+00
   1.3418240e+00
   6.0610422e-01
  -1.1449007e-01
   1.8581347e+00
   1.6123046e+00
  -1.8311259e+00
  -7.4464816e+00
   1.7679991e+01
  -1.7021098e+00
   1.6389581e-01
  -5.2002450e+00
  -5.7293405e-01
  -2.8422480e+00
  -7.6504794e-01
  -4.5788865e-01
  -3.5860414e+00
  -7.1221741e+00
   1.6820167e+00
  -3.8822545e+00
  -1.5734490e+00
  -4.1733424e+00
  -5.1065530e+00
  -1.9212626e+00
   4.6114636e-01
   8.7666358e+01
   3.9075392e-01
   8.8390401e-01
   1.6460216e+00
  -4.5703249e+00
   5.2573530e+00
   2.8504410e+00
  -3.3612098e+00
  -2.3632552e+01
  -2.2035199e+00
   6.4854830e+00
   1.3309453e+01
   2.8485637e+00
   1.7366654e+00
  -2.2308662e+00
   3.6323365e+00
   1.4833060e+00
  -4.9391397e-01
  -1.9062544e+00
  -1.0565443e+00
   2.5438177e+00
   2.6026927e+00
   4.4002027e-01
   2.0112571e+00
   7.7150656e+00
  -8.8568069e-01
  -3.7857843e+00
   2.9710004e+00
  -1.7960040e+00
  -1.5899393e+00
   5.2636629e+00
  -1.0593763e+00
  -1.4363640e+01
  -1.4811532e+00
   4.6221342e-01
   8.4596404e-02
  -1.2142307e-01
   6.6413839e-01
   1.3756510e+00
  -3.5830813e+00
  -2.5915918e+00
  -4.4739313e-01
   5.2701317e-01
   4.6404735e+00
   1.4432820e-02
  -9.4738352e-02
   1.0527571e+00
  -3.4369167e-01
  -5.2023270e-01
   4.7910263e+00
   1.6821771e+00
  -1.6009051e-01
  -4.0600407e-02
   1.7207050e+00
   1.7622048e+00
  -5.8375798e+00
  -4.4840462e-01
  -3.4917590e-01
  -9.7332797e-01
   8.0774342e-01
   3.1756972e+00
  -9.3924549e-01
  -6.7579970e-01
  -5.2058615e+00
   2.4376801e+01
   2.2425939e+00
  -4.4735343e+00
   7.2282244e-02
  -1.5808039e+00
   1.8718476e+00
  -1.1362492e+00
  -1.1654365e+00
  -2.9116406e-01
   2.2252152e+00
   7.8434763e-02
   1.4458180e+00
   3.0961801e+00
  -3.9419957e-01
  -2.2692928e+00
   5.1693281e-01
   1.4007338e+00
   1.4234024e+00
   9.2894039e-01
  -1.3487057e+01
  -8.6405833e-01
  -3.5173749e+00
   3.2043056e-01
  -6.4716929e-01
   1.0190730e+00
   1.9975577e+00
   6.1611487e+00
   6.8238267e-01
   2.0664723e+00
  -1.8165401e+00
   1.4198525e+00
  -1.1244852e+01
   1.9826781e+00
   1.8724456e+00
   2.3154451e+00
   5.4803524e+00
   2.4852846e+00
  -1.9975090e-03
  -5.1321567e-01
   2.0458674e+00
   1.4649162e+00
   1.3164237e+00
  -1.5675894e+00
  -1.1932567e+00
  -1.6530760e-01
   1.6101567e-01
   2.0699111e+00
  -2.9088035e+00
   1.8049355e+00
   1.1128098e+01
  -4.0028051e-01
   4.1018891e-01
   7.8584677e+00
  -1.5178266e+01
  -3.4537874e+00
  -1.2021893e+00
  -5.1398429e+00
   1.5236001e+00
   7.4883312e+00
   4.8868520e+00
   4.9256483e-03
   2.0598252e+01
   4.4716482e+00
   9.1421347e-01
   2.0161654e+00
  -2.1487193e+00
  -3.5849972e-02
   2.5683160e+00
  -2.4992913e+00
  -6.3559723e+00
  -8.8341441e-01
  -6.3808804e-01
   2.0220990e+00
   4.5079751e+00
  -1.8358709e+01
   1.5119315e+00
   3.6341890e+00
   1.8215540e+00
  -1.0092913e+01
  -1.6899492e+00
   7.7083245e-02
  -4.6256832e-01
  -1.8802713e-01
   2.1327811e+00
   3.3374906e+00
   1.0775233e+00
  -1.6316272e+00
   3.3523105e-01
  -1.6769256e+00
  -1.0265612e+00
  -1.6651628e+00
  -1.7226038e+00
   1.5932002e+00
   3.9031965e+00
   6.6135633e-01
  -5.4550863e-01
  -6.3119117e+00
   1.6719931e-02
  -3.4448331e+00
  -5.5581627e-01
  -4.2815285e-01
  -5.0457833e-01
  -6.9518783e+00
   8.2903922e-02
   3.3411071e+00
  -2.4538323e+00
  -7.2723432e-01
  -3.7851139e+00
   9.2089661e-01
  -2.3878130e+00
  -1.1417375e+00
   4.4032102e-01
  -1.6720972e+00
  -4.1431395e+00
   1.7519981e+02
  -1.7000325e+00
   3.9220016e+00
   1.1959177e+00
  -1.7599131e+00
  -1.0812869e-02
   8.0760756e-01
   1.8352714e-02
  -3.1728554e+00
   3.7337799e+00
  -2.9756667e+00
   1.7046466e+00
   3.6309032e+00
   1.3449568e+00
  -1.0569011e+00
  -2.2159216e+00
  -3.6601687e+00
   2.6473483e+00
  -8.6890855e+00
  -1.0547583e+00
  -1.3214409e+00
   1.8154133e+00
  -3.2993927e+00
   1.1464830e+00
  -1.8546003e+00
   5.3410634e+00
   2.0802191e-02
   4.2126659e+00
  -2.4915622e+00
  -1.9148355e+00
   2.1426276e-01
  -4.6801598e+00
  -2.0416839e+00
  -7.0764407e-01
   1.3505018e+00
   2.6182336e+00
  -2.4565688e+00
  -2.3114892e+00
   7.3938569e-01
  -3.9009130e+00
   2.3264841e+00
  -4.1217212e-01
  -2.1603328e+00
   1.2483350e+00
  -7.8563415e-01
  -7.0877524e-01
   3.5842530e-01
  -3.3730366e+00
   4.1489110e+00
  -4.6069200e+00
  -1.3675224e+00
   1.0611613e+00
   3.5614561e-01
   8.5796649e+00
  -4.7746811e+00
  -6.9580237e-01
  -1.4684705e+00
   7.6287066e-01
  -7.6637579e-01
  -1.2988252e+00
   7.6555068e-02
   3.7114415e+00
   4.5842750e+00
  -2.4714408e+00
   3.2161508e+00
   2.2971479e-01
   6.3452217e-01
  -3.9177021e+00
   3.3404468e-02
   3.9376310e-02
  -3.3161147e-01
  -3.9504400e-01
   6.1271407e-01
   3.2198429e-01
   3.1431553e+00
   2.0206542e+00
   4.0229197e+00
  -2.2016351e-01
   6.4429715e+00
  -1.0504459e+00
  -1.4609040e-01
   1.8555743e+00
   2.9608823e+00
   1.5637163e+00
  -9.4605475e+00
   9.4442113e-01
  -9.5581460e-01
  -1.8709229e+00
  -2.2395450e+00
  -1.3144219e+00
   2.7813315e+00
   9.7015786e-01
   2.1187833e+00
   1.1784052e-01
   5.8577992e-01
  -2.9066472e+00
  -5.6794347e-01
   5.0577072e+00
   1.2635908e-01
  -2.6132558e-01
  -6.6758460e+00
  -6.7018041e-01
  -1.0386744e+00
  -3.3552084e+00
   1.8611418e+00
  -3.4373026e-01
  -1.5313544e+00
   7.6461137e-01
   3.6892140e+00
  -3.5672906e+00
  -2.8619980e+00
  -4.7522661e+00
   1.9678111e+00
   3.5163541e+00
   7.6306500e+00
   2.1686696e-01
  -2.2684933e-01
   6.2427342e-01
  -5.9852374e+00
  -4.6216658e-01
   2.0785673e+00
  -2.8547504e+00
  -3.0548685e+01
  -7.0540942e-01
  -2.0136077e+00
   1.1235468e-01
  -2.5636270e+00
  -2.4929237e+00
  -1.7385457e+00
  -1.6877579e+00
  -9.3967988e-01
   3.6600123e+00
   2.0868703e-01
   1.1665472e+00
   4.0931456e-01
   6.3502951e+00
   1.9990074e+00
  -1.6888996e+00
  -4.2019423e+00
   1.6716775e-01
  -1.1984964e+00
   3.2524298e+00
  -7.7359169e+00
   1.0536230e+00
  -2.5170094e+00
  -2.9039335e+00
   2.7862048e-01
   7.5562905e-01
  -2.8839514e+00
  -1.3342533e+00
   4.6933099e+00
  -1.1793739e+00
   9.1755147e+00
   4.2397194e+00
   2.1321784e+00
  -1.9718458e+00
  -3.8962657e+00
   2.3047579e-01
  -5.8001704e-01
  -1.9651845e+00
   1.9939118e+00
   2.1346403e-02
  -7.0955450e-02
   1.9610456e+00
   1.6155224e+00
   1.2547033e+00
   2.4944963e-01
   8.8603248e-02
  -1.3241723e+00
   1.1854000e+00
  -1.6790775e-01
   9.3911966e+00
   1.9825402e+00
   2.0086968e+00
   6.2923316e-01
   1.9503776e+00
   8.2357024e-01
   5.4365720e+00
   4.6909834e-01
   6.5194116e-01
   6.5981269e-01
  -3.2004615e+00
  -5.8444405e-01
   1.0934572e+00
  -9.9735268e-01
  -1.8070884e+00
   1.9529480e-01
   7.2901570e-01
   1.6713920e+00
   1.0919957e+00
   2.8371738e+00
  -1.1189855e+01
  -1.7267644e+00
  -1.6954541e+00
  -6.2318378e-01
   3.3753406e+00
  -1.8860131e+00
   1.1258195e-02
  -3.4033865e+00
  -2.4637741e+00
   6.3878409e-02
  -1.0877468e-01
  -2.7654667e-01
  -2.3534886e-02
  -3.9133638e+00
  -3.5648220e-01
  -4.3654768e-02
  -1.6215358e+00
  -3.6152326e+00
   1.8526127e+00
  -7.7908908e-01
   4.6537584e+00
   6.4523907e-01
   3.7260361e+00
   2.2565213e+00
  -4.2586017e-01
  -3.5854391e+00
  -1.6275209e+00
   2.2020803e+00
   3.7530029e+00
   5.0078717e-02
   1.0215473e+01
   1.5718366e+00
  -1.8160557e+00
   1.6697599e+00
  -6.0385751e-01
   1.1722575e+00
  -7.1450138e+01
  -1.1496412e+00
   5.9231824e-01
  -2.2993035e+01
  -8.2407958e-01
  -2.2914649e+00
  -7.7731810e-01
   1.4049468e+00
   2.0529962e+00
  -2.2303368e+00
   3.9123715e+00
   2.9921494e+00
  -1.2035497e-01
  -9.2225065e-01
   1.4329897e+00
   9.3864432e+00
  -3.4976789e+00
  -5.9360346e+00
   7.9710964e-01
   4.3097550e+00
   4.1941649e+00
  -2.6430642e+00
   3.2608628e+00
   2.8467186e+00
  -1.1942561e+00
  -8.9146616e-01
  -1.0415670e+01
  -5.6143806e-01
   1.9299255e+00
  -2.9182759e+00
   2.2388641e-02
  -6.8171585e+00
   1.4964040e+00
  -3.9727832e+00
  -3.3997039e-01
  -1.4699275e+00
   2.8821688e-02
   2.8386313e+00
  -8.9349828e-01
   5.7247874e-01
  -4.0580714e+00
  -6.4123732e-01
  -1.5293804e+00
   1.0638187e+00
  -2.3749261e+00
   1.0563910e+00
   4.3285387e-01
   5.1937936e+00
   9.4888923e-01
  -1.5869414e+00
  -4.3047235e+00
  -7.3417344e-01
   4.9677296e-01
  -1.4589774e+00
  -1.0792147e+00
   2.7809656e+00
   1.1406903e+00
  -2.2474262e-01
   1.0513133e+00
   4.7656314e-01
  -2.4801275e+00
  -2.7789683e+00
   3.7318650e-01
   1.5080941e+00
  -1.0448216e+00
  -1.0394877e+00
   1.2710917e+01
   1.3801607e+00
  -1.7562610e+00
  -3.0345530e+00
   2.3039597e+00
   4.7411437e+00
  -3.5436433e+00
   2.3147586e-01
   6.7361429e-01
   4.2427320e+00
  -2.8066093e+00
   7.8335391e-01
  -2.1564000e+00
  -1.2704512e+01
  -4.4445955e+00
   3.7542959e-01
  -3.1166705e+00
  -2.3247890e+00
  -2.8679748e+00
  -7.3677041e+00
   1.0893575e+00
   9.9561336e+00
   2.3388835e-01
  -3.1694091e-01
   2.3115584e+00
   1.2669974e-02
  -1.5512081e+00
  -1.8038140e+00
   2.4563569e+00
   6.7795891e-01
  -1.0747659e+00
  -2.2019597e+00
   2.0525152e+00
   1.4445009e+00
  -1.5443844e+00
   1.6186988e-01
  -1.0836115e+00
   1.6660291e+00
   1.8220089e+00
  -4.2924162e-01
  -4.8076210e+00
  -3.6117199e+00
  -9.1263636e-04
  -9.8025111e-01
   2.5445312e-01
   4.3609143e+00
  -1.9130398e+00
   3.7224117e+00
  -8.7180928e-01
  -1.1156260e+01
  -2.8286035e+00
  -6.6956719e-01
  -1.8131332e-01
   4.4962433e+00
  -3.7816632e+00
  -8.9087658e-01
   4.9573158e-02
  -4.8144884e+00
  -8.6996754e-01
   1.8501524e+00
   6.4613212e-01
  -3.4128216e+00
   7.9676125e+00
  -6.8076341e-01
   4.1645664e+00
   2.1418217e+00
   5.3259484e+00
  -1.6730985e+00
  -7.0575338e-01
  -1.7269344e+00
   2.1515724e+00
  -4.0190328e-01
  -2.3656119e+00
   1.3350941e+00
  -5.8962620e+00
  -2.5710430e+00
   5.2371928e-01
  -2.3070751e+00
   2.1704260e+00
  -5.4097003e+00
   3.6434864e+00
  -3.9937694e+00
  -1.6932593e+00
  -1.5012165e+00
  -1.7899324e-01
   1.5862005e+00
  -2.8929231e+00
  -5.8984242e+00
   4.3551135e-01
   6.0685262e-01
  -5.6834955e+00
   5.6123271e-01
  -2.1885460e+00
   8.1849107e-01
  -3.6911495e-01
  -1.5178900e+00
  -1.9100218e+00
   3.7992112e+00
   6.9797232e-01
  -4.0338594e+00
   2.7049103e+00
  -3.8597116e-01
   9.3541960e-01
  -3.7495918e+00
   2.7489096e+00
   2.0404972e+00
   1.9664140e+00
   9.1684845e-01
   9.1747711e-01
   2.5246396e+00
   1.9596566e+00
   4.3322449e-01
  -8.5048086e-01
   2.9618782e+00
   1.6471857e+00
   1.4079943e+00
  -1.7710549e+00
  -5.6229517e+00
  -1.9774059e+00
   6.7591705e-01
   2.5262349e+00
   5.2102210e-01
   3.8095265e+00
  -7.5033773e-01
   2.1212537e+01
   1.3872208e+00
   3.8841739e+00
   2.4994135e-01
   1.3597457e+00
   3.2283858e+00
  -2.7270680e+00
  -5.3839876e+00
  -2.6269032e+00
   2.4867935e+00
   6.9737966e-01
  -3.3285712e+00
  -1.0130484e+00
  -4.6142910e-01
  -3.4501681e+00
   3.7994524e+00
  -1.3014517e+00
  -6.5397946e+00
  -2.9891788e-01
   4.3066405e+00
   7.9283090e-01
   2.0753047e+00
  -4.9284024e-01
  -1.0385897e+00
  -1.2426063e+00
   1.1690166e-01
  -2.8453401e+00
  -1.5666619e+00
   2.8182935e+00
  -4.9007426e-01
   1.1548412e+00
   1.3408906e+00
  -7.7536153e-01
   4.0407167e-01
  -4.8732523e+00
   1.5359108e+01
  -1.5099284e+01
   2.2371830e+00
  -2.4398193e+00
   6.2269846e-01
   1.0350853e+00
  -1.1741645e+00
  -1.2532138e+00
   1.0701412e+00
  -6.5206578e-01
  -6.5841647e-01
  -7.3521054e-01
   1.5509146e+00
   2.7108455e+00
   5.0043717e+00
  -4.3856591e+00
   7.1140056e-01
   1.1047685e+00
  -2.3491131e-01
   2.0797916e+00
  -1.0335070e+00
  -8.4963246e+00
  -3.8543059e-01
   1.3228964e-03
  -3.7262731e-01
   2.0658248e+00
  -9.2716969e+00
  -5.5127045e-01
  -1.0966132e+01
  -9.4296415e+00
   2.5063863e+00
   2.8987795e+00
   2.6145304e+01
  -7.1637830e-01
   6.7673902e-01
   9.5358062e+00
   2.1227078e+00
   1.0388056e+00
   9.5967177e-01
  -5.2436341e-01
   1.0585402e+00
   2.0564788e+00
  -2.7881720e+00
  -1.5343248e+00
  -1.3852733e+00
  -3.5629438e+00
   1.3040795e+01
  -3.6872357e+00
  -1.5032062e+00
   2.2715850e+00
  -2.0929713e+00
   2.1177365e+00
  -1.1718156e+01
  -1.7532607e+00
  -4.0036997e-01
  -5.1583625e+00
  -3.0769650e+00
  -2.3160281e+00
  -5.5308757e+00
   1.2511355e-02
   1.4081517e+00
   3.1822788e+00
  -2.5271366e+00
  -1.0252222e-01
  -9.1172745e-01
   2.4646150e+00
   1.2989758e+00
   7.7453756e-01
  -7.4645206e-01
   3.2895604e+00
  -2.0889982e+00
  -5.5911574e+00
  -9.5257627e-01
   9.6953908e+00
   1.3030781e+00
  -2.1361085e+00
  -2.7677665e+00
  -8.6509884e-01
  -1.4529101e+00
   2.7877378e+00
  -8.7017610e-01
   2.0836215e+00
  -2.9243531e-01
  -5.7608654e+00
  -6.1459755e-01
  -2.8753217e+00
   2.9114173e+00
   1.4525589e+00
  -1.3090300e+00
  -3.4353280e+00
  -7.0839371e-01
  -4.4971884e+00
  -7.9950605e-01
   4.1082354e+00
   1.4991056e+02
  -5.0705105e+00
   1.8158714e+00
   8.0042772e+00
  -1.6975893e-01
   1.5765965e+00
  -2.2362989e+00
   1.0927585e+00
   2.7866027e+00
  -5.5481410e+00
   2.2557396e+00
  -2.6920400e+00
  -7.8130298e-01
  -1.2527303e+00
  -4.2446412e-01
  -6.1444121e+00
  -9.6552281e+00
   5.1753969e+00
  -1.1745260e+00
   5.2964385e-01
  -1.7037235e+00
   4.7320732e+00
   2.0651353e+00
  -2.0871656e+00
   3.7296198e+00
   2.6149060e+00
  -7.2931384e-01
   2.1200300e+00
  -2.2433751e-01
   7.6618577e-02
  -3.5588386e-01
  -1.0467756e+00
   2.9704350e+00
  -2.4207060e+00
  -1.9443389e+00
   1.4646013e+00
  -1.5319023e+00
  -1.5861934e-01
  -1.1260332e+01
   2.6659653e+00
  -8.0834951e+00
  -1.1325669e+00
   7.4206211e-01
  -9.2041004e-01
   8.7753334e-01
   1.0617477e-01
  -7.7179577e-01
   9.2491538e+00
   9.4459542e-01
   2.7839902e+00
   9.9786893e-01
  -6.8878977e+00
   1.6133363e+00
   1.3426793e+01
  -6.5336472e-01
   1.6504810e-02
  -1.3168724e-01
  -2.9667508e+00
   1.0210091e+00
  -1.4680420e+00
   8.8551660e-01
  -2.3854174e+00
  -1.5708095e+00
   5.1064941e-01
   9.5257595e-01
  -2.3798932e+00
   1.2565238e+01
  -1.1726677e+00
  -4.2178754e-01
  -4.4470872e+00
   9.0983396e-01
   4.2233645e+00
  -3.8923158e+00
  -2.4401127e+00
   9.2833783e-01
  -1.9168128e+00
  -1.3493023e+00
   1.1638552e+00
   2.0062019e+00
  -7.0092333e-01
  -3.1616434e+00
  -1.0183006e+00
  -2.0251473e+00
  -1.2125573e+00
  -1.9707480e-01
   1.8544418e+00
   1.5449687e+00
  -6.9051104e-01
   2.4634167e-01
  -4.6022777e-01
  -2.7086695e+00
   1.7479035e+00
  -4.7678106e+00
   2.7958684e+00
  -2.1883820e-01
   1.2941629e+00
  -8.3258532e+00
   1.3326416e+00
  -5.9077911e-01
   9.8979664e-01
   9.6331118e-01
  -5.0681320e+00
   4.8019418e+00
   2.1584068e+00
  -2.6005429e+00
   6.5863820e-01
  -1.2738403e-01
   6.0986343e-03
