   3.3644292e-01  -1.1566749e+01
  -4.9170948e-01   2.8571020e+00
   3.0215747e+00   1.9776603e+00
  -5.2332300e+00  -4.7089403e+00
  -1.4730785e+01   1.7720284e+00
  -2.0954546e+00   1.0889326e+00
  -1.3207107e+00  -9.9791498e-01
   1.0692377e+00   1.6693506e+01
   1.9191153e-01   1.8526766e+00
  -2.4768765e-01  -1.8722956e+00
   5.0199916e-01   1.9537158e+00
   2.7704869e+00   1.7322640e+00
   1.8828590e-01   4.2463345e+01
  -2.7212543e+00   2.2196240e+00
  -3.9291755e-01   2.0944473e+00
  -3.3734415e+00  -6.6118578e+00
   7.0617121e-01   1.6104363e+00
   5.6842629e+01   1.6990543e+00
  -7.8983834e+00   4.9461077e+01
   5.4304946e-01  -1.3108841e+00
  -2.2404221e+00   1.5138136e+00
   5.1817661e+00   2.5174359e+00
  -4.5155498e-01   2.3041594e+00
  -4.0458057e+00  -3.3297544e+00
  -1.0767601e+01   3.3275348e+00
   3.3384827e+00   1.9001388e+00
   1.4135580e-01   3.7244504e-01
   4.6948652e-01  -1.0982519e+00
  -6.9750142e-01   1.2228681e+01
   1.6445634e-01   2.8997900e+00
  -1.1003598e+02  -1.5974414e-01
  -1.0184543e+01  -3.5493090e+00
   1.8072583e+01   3.0524640e+01
  -2.1088404e-01   2.0458470e+00
   5.7618125e+01   3.3865790e+00
   2.1089264e-02   1.0585514e+01
  -5.7955204e-02   2.1343213e+00
  -1.1458301e+00   1.9938792e+00
   5.4061455e+01   1.7374683e+00
  -3.8660027e+00   9.2534505e-01
  -2.5768855e+00   2.1063578e+00
  -1.3059075e+00   2.0524564e+01
   1.0720222e+00   2.0274272e+00
   1.7011108e+00   6.0170043e-01
  -1.9088775e+02   1.5627869e+00
  -6.7335415e-01  -8.3219447e+01
   9.8436407e-01  -3.3667951e+02
   2.5482946e-02   2.1383335e+00
   4.8731977e-01   2.1586495e-01
  -6.1928295e-02   2.3951678e+00
  -8.4908393e-01  -2.1732178e+01
  -7.3823837e+00   1.0703948e+00
  -6.1613568e-01   2.5870810e+00
  -3.7210858e-01   3.1341634e+01
  -2.3058622e-01  -1.3474638e+01
  -1.8094351e+01  -2.0153123e+00
  -5.3615447e-02   1.9099114e+02
  -1.8013964e+01   6.3980854e+00
   2.5992462e+02   9.4814289e+01
   6.5183460e+00   2.9956450e+00
   1.1752394e+00   7.1549073e+00
   1.2522569e+00   8.3602728e+00
  -3.5589631e-01   2.8322147e+00
  -4.7353364e+00   1.9514264e+00
   5.9339241e+00   2.1170101e+00
  -1.4777101e-01   4.3347335e+00
   1.5071447e-01  -2.6607801e+00
  -1.2170641e-01   2.5194618e+00
  -5.2069183e-01   1.9855519e+00
   7.0057419e-02   2.6004257e+00
  -2.9693688e+01   5.4982178e+00
   5.7728917e+01   2.5229107e+00
   2.1043262e+00  -2.3387850e+03
  -3.2781710e-01  -2.8942042e-01
  -6.1932956e-04   2.1382363e+00
   3.0425487e-01   2.8505231e+00
   2.5026335e-01   2.0537451e+00
   7.3953887e-03  -3.0419014e+01
  -1.5386732e+01   2.3729981e+00
   3.4098821e-01  -1.3385016e+02
  -2.8216210e+00   3.6319391e+00
   2.9091594e+01   4.7614878e+00
   3.5427413e-02   1.1887244e+00
  -2.1929134e+00   2.4147678e+00
   1.2790896e+01   2.3148822e+00
  -1.4416963e+02   1.8531314e+00
  -1.3975754e+00   1.7037439e+00
  -2.6568467e+00  -2.6948408e+01
   1.3670664e+00   1.5136904e+00
   1.1686002e+01   2.9170848e+00
   4.9721356e+00  -1.6859236e+01
  -8.3323255e+01   1.0226157e+02
  -6.3076526e-02  -3.1321158e+03
   1.2491925e-02   1.9830044e+00
   3.9107582e-02   1.7633673e+00
  -5.6255650e-01   3.0344992e+00
   1.6765477e+00   2.0188029e+00
  -2.3750378e+00   6.7790462e+00
  -9.7752682e-01   2.2267970e+00
  -1.9691022e+02   6.0686107e+00
   7.6742307e-01   2.0192568e+00
   3.2276528e-01   2.9760834e+00
   1.4754572e+00   5.9509125e-01
   1.6379734e+00   1.7231598e+00
  -1.4007955e+01  -9.8005534e+00
   5.5994249e+00   4.0993494e+01
   1.5588293e-01   1.9252700e+00
  -2.6695017e+00   7.1054078e+00
   6.3117597e-01   1.2849949e+02
   6.1269942e-02   1.7265803e+00
   1.3275513e-01   4.3825369e+00
   1.8932456e-02  -6.1039361e+01
   1.3723556e+00   4.1689695e+00
  -8.0137975e-02   1.1042605e+00
   2.6130719e+00  -5.9209788e+00
  -8.7354148e-01   7.6999704e+00
   2.6870351e-01   2.0234874e+00
  -1.2159978e+03  -7.0444594e-01
  -1.2729992e+00   1.8599499e+01
  -3.9539328e-01   4.5910055e+00
  -1.1701320e+00  -8.4517750e-01
   5.6515514e-01   1.8420263e+02
  -4.9554823e+00  -2.8829395e+01
   5.2167569e+01   2.0188552e+00
   9.1670496e-01  -1.7119953e+00
   1.8774864e-01  -2.6410098e+00
  -6.4564020e-01   2.0701971e+00
   3.7549702e+01   3.8778736e+00
  -1.4446883e+00  -3.9838860e+00
  -4.8568973e-01   9.7421055e+00
   1.9430289e+01   1.9630432e+00
  -7.5881078e-01  -3.5191775e+01
   2.2499619e-01   1.2591085e+01
   4.5930554e-01   7.4468382e+00
   3.0514430e-01   2.7999282e+00
  -2.5670805e-01   4.6633932e+01
   7.6724510e-01   2.0426910e+00
  -2.3806019e+00   4.0639810e+00
   3.5706769e+00   2.1631396e+00
  -1.5186282e+00   5.3978092e+00
   1.6508084e-02   1.0526998e+01
   5.4847808e-01   3.9957774e+00
   3.0715837e-01   2.4458109e+00
  -4.1216955e+00   1.7794219e+01
   2.2533577e+03  -2.4282504e+02
  -4.5719120e+00   3.4940810e+02
  -1.0936832e+00   4.9484603e+00
   1.2978631e+00   2.4087048e+00
  -4.4082422e+01   2.2401293e+00
   6.4788220e+02   2.3053028e+01
   8.6094153e-01   1.7819328e+00
  -3.5151305e+00   4.7367428e+01
  -8.6327483e-01   6.6606683e+01
  -2.7774573e+03   1.7453262e+00
  -2.3220679e-01  -2.7774210e-01
  -3.5563405e+02   2.1074040e+00
   1.8064392e+00   4.1693180e+00
   4.4775492e+00  -1.9519806e+02
   1.2204792e+00   2.0241476e+00
  -2.9069912e+00   2.1335819e+00
   7.8859956e-02   5.8324131e+00
  -6.7100569e+00   1.7066135e+00
   1.2255601e+01   2.0404221e+00
  -5.8372061e-01  -2.4793952e+03
   4.8990194e+01   3.3801266e+01
  -2.2127451e-01   2.0688129e+00
  -2.0210736e+01   1.7789894e+00
   7.3435431e-01  -3.1794362e-03
  -4.2614509e+04  -1.4835021e+00
   3.3583314e-01   2.0358356e+00
   4.8329002e-01   4.8707136e-01
   3.0288106e-02   1.0021182e+01
   8.6935567e+02  -2.6108372e+01
  -4.2277780e-01  -4.2047098e+02
   3.3023246e+01   2.9344881e+00
   8.0543883e+01   2.6471155e+01
  -4.6013952e-01  -4.8525133e+00
  -3.7052292e+00   2.6010941e+00
  -4.8302774e-01   1.7254100e+00
   5.8703657e+01   4.8096372e+01
   3.1707531e-01   7.0789502e+00
  -2.3042987e+00   1.0336204e+00
  -4.6590629e-02   2.0240567e+00
  -1.2062460e-02   3.9604180e+00
  -2.7331410e-01   3.0564573e+01
  -1.0056080e-01   2.6084753e+00
   5.1105075e+00   1.9710881e+00
  -4.1167245e-01   3.4769491e+00
   9.3530076e-01   2.1553113e+00
   4.8463312e-01   1.1901788e+00
   6.0602889e+01  -1.4528244e+01
   4.5806574e-01  -1.4381773e+00
  -2.4383261e-01   3.6942175e+00
   2.0975052e+01   2.0031243e+00
  -9.5144643e-01   1.5542988e+00
  -3.3145141e-02   2.6299157e+00
  -9.5429221e+00   2.3643220e+00
  -4.2156892e+00  -4.3021978e+01
  -1.0936070e+00   3.9658492e+00
  -1.0684956e-02   2.8984546e+00
   6.6300567e+01   2.5526386e+00
   7.5094509e-01   1.9975220e+00
   5.0214497e+02   4.0263268e-01
   1.0459062e+00   2.2153634e+00
   1.1159865e+01   6.2546896e-01
  -2.2131807e+02   1.9584388e+00
   4.6881226e+01  -8.5250649e+00
  -5.4093375e+00  -2.4779583e+02
  -2.2935605e+00   2.6001584e+00
   1.0253271e+02  -2.3731659e+01
  -2.2621092e-01   2.0972066e+00
  -9.9682048e+00   1.2412851e+01
   5.4199182e+00  -8.7874811e-01
  -1.9463769e+02   2.1830329e+00
   2.2824133e+00  -7.2658524e+00
   9.5526411e-01  -2.6610997e-01
  -2.9026400e-01   2.7960223e+00
   1.9279420e-01   7.5811002e+00
  -3.8851033e-01   9.4561858e-01
  -4.4617024e+00   2.0734256e+00
   5.3384056e+00  -5.0096912e+01
  -5.0720563e+00   1.5871875e+00
   1.3023291e+00   4.9985626e+00
   7.0783738e-01   2.2058026e+00
  -3.8750808e+00   2.0575136e+00
   2.1274765e-01   1.0271398e+01
   1.2059721e+04   3.7511299e+00
  -4.5672081e-01  -6.6441916e+00
  -1.1369663e-01  -2.2101937e+01
   5.4387961e-02   7.8110351e+00
  -1.4410514e+01   1.8953829e+00
   6.5507700e-02   8.1333020e-01
  -5.6724200e-01   1.4064211e+00
  -8.3385795e+00   9.5586828e-01
  -1.9010063e+01   2.5881703e+00
  -5.0258840e+00   1.8254601e+00
   1.2380188e+03  -3.0499501e+02
   5.5422482e-02   2.9993059e+00
  -2.1393152e+01   7.4430074e+02
   1.3525246e+00   1.9531335e+02
  -9.8051470e-03   2.0789606e+00
   4.6522653e+00   2.2154053e+00
  -1.4404824e+02   1.6064629e+00
  -1.0869889e-01   8.2117775e+00
   5.0763043e+01   2.8384424e+00
   2.6866569e+00   1.5718700e+00
  -1.2637821e-01   1.8289601e+00
  -2.2534456e+01  -1.1555931e+01
   1.1375209e+00  -1.9532005e+02
  -1.9666215e+01   3.4522370e+00
  -7.2381043e+00  -1.0591459e+01
   1.6895834e+02   2.0101896e+00
  -1.5436224e+00   3.8679239e+00
   2.0212779e+00   2.2976233e+00
  -5.3612197e+00   3.5324868e+00
   1.1414999e+01   2.8237612e+00
   5.7655258e-02   4.0861558e+00
  -9.5668691e-01   1.9766396e+00
  -6.7176621e-01  -1.0354850e+01
  -1.4854628e+00  -2.2155383e-01
  -1.8462146e-01   7.1301680e+00
  -6.6143732e-01   2.1193093e+00
  -1.6243815e-01  -2.7320977e+00
   2.8029639e+01  -3.9470346e+00
  -3.1386259e+00   1.0509364e+00
   4.9286051e+03   6.1877932e+01
  -1.3373834e+01  -8.3593213e+00
   9.0782525e-01   3.8821339e+00
   1.0942461e-01   3.3649172e-01
   1.2160656e-01   2.4061385e+00
  -2.4895205e-01  -6.6772165e-01
  -7.2973904e-02   2.8999327e+00
  -5.4422191e-03   1.6437801e+00
   1.8147767e+00   1.6797079e+00
  -5.5880534e-02   4.2013097e+00
   4.4071556e-01   1.8982014e+00
   2.8257575e-01   6.1164098e-01
   2.6414927e-01   2.2050897e+00
  -3.8515117e+00   1.4696939e+00
   2.9058532e-01   2.1777428e+02
  -4.4212537e-01   1.9226546e+00
  -2.6569878e+01   1.9695308e+00
   2.3916598e+00  -3.0915057e+00
  -2.2801070e+00   5.3210793e+01
  -4.4525217e-01   1.9613919e+00
  -1.4271071e-01   1.6818657e+00
  -1.3149481e-01  -6.8766521e+00
   5.0174034e+00   6.5857332e+00
   1.3182265e+00  -3.3142939e+02
   3.1563561e-01   8.4693566e-01
  -4.3130778e-01   3.2477701e+00
  -1.7632203e-01   2.0053144e+00
  -4.5544870e-02   3.7453658e+00
   2.2374433e-01  -5.7239242e+00
  -3.1746552e-03   7.4212704e+00
  -7.7071419e+00  -1.1140984e+01
   4.7695811e+01   3.1730517e+00
  -1.3011876e+01   1.3467638e+02
  -3.3314024e+00   7.1161547e+01
   7.3556068e+00   2.7161649e+00
  -6.2788912e-01   2.6673772e+00
   1.0592634e+01   3.2035453e+00
   8.6027798e-01   7.5854312e+00
   4.4166314e+01   1.6762721e+00
  -5.0615121e-01  -7.9078115e+01
  -1.1516148e+00   2.0669439e+00
   6.7737976e+01  -1.1223359e+00
  -1.0720458e-01   1.2745889e+00
  -8.7299182e+00   1.8473488e+00
   3.4231530e-01   2.2455818e+00
   1.9285639e-02   1.6983018e+01
   6.8224744e-02   1.2200830e+01
  -2.7601593e-01   1.7402026e+01
  -1.2031606e+03   5.2174869e+00
  -9.0130420e-01  -2.8464112e+00
   1.3092222e+00   2.3120276e+00
  -9.2560043e-01   2.3504779e+00
   1.6653348e+01  -1.4844621e+02
   3.8690685e-01   3.4046635e+00
  -1.4141669e+03   1.2456236e+00
   7.4095652e+00   7.8283802e-02
  -4.7676475e-01  -2.0690558e+00
   4.4987496e+04   1.4138800e+00
  -3.4513059e+00   1.3404035e+00
  -1.4172890e+00   5.2806817e+02
   1.0344238e+00   1.3866171e+00
   2.3376828e+01   2.2279683e+00
   4.9221115e+00   3.0892591e+00
   5.4706339e+00   2.0386313e+00
  -6.2349288e-02   1.3198287e+00
  -1.1690589e+01   1.9542607e+00
   1.1152704e+02   2.5037660e+00
  -1.2311605e+01   3.7892068e+01
  -2.1909136e+00   6.8935126e+00
   6.2646720e-01   4.1963663e+00
   7.4880929e+01   2.8671285e+00
   9.7816271e+00  -2.6244344e-01
   1.2046901e-01   2.0665039e+00
  -1.2571534e+00   2.1111061e+00
   1.0968587e+00   1.9337106e+00
   1.5657895e-01   4.0114731e+00
   6.0168496e-01   1.4466249e+02
   1.7489221e+01  -9.3233445e+00
  -2.9993756e+00   1.3999056e+00
  -3.3122584e+00   2.0753370e+00
   4.5344967e-02   3.1267724e+00
   6.9320032e-01  -1.1820472e+01
  -7.4647103e+01   1.9733838e+00
   1.4214005e+00   8.6436880e-01
  -1.3264641e+02   2.0416803e+02
  -1.8696086e+01   1.8661544e+00
  -8.0035774e-01   4.1802985e+00
   8.1414205e+01  -1.1649644e+00
  -1.1986438e+01   1.9390283e+00
   2.3586443e+00   1.7378788e+00
   3.1415318e+00   2.4234107e+00
  -1.9602476e-01   1.8684771e+00
   8.5669403e+01   1.3857415e+00
   4.5314043e-01   3.7243911e+00
  -1.6002222e-01  -6.7594521e+01
  -6.9975247e-01   1.1750538e+01
  -1.2105511e+04   3.4300884e+00
  -1.1136200e+00   1.9294385e+00
  -1.9803528e+02   5.0012228e+00
   3.4773544e+00   2.6976021e+00
  -1.6309437e+02   6.7785583e-01
  -6.8662105e-01   2.4197190e+02
   1.6884551e+02   8.0356251e+00
  -8.7082128e-01   2.1778014e+00
   2.6126418e-02  -4.3388467e+01
   3.1455651e+01   7.6618735e-02
  -1.5565001e+03   8.5808002e-01
  -1.3749599e+00   2.0765218e+00
  -2.9623339e+00   3.0970366e+00
   7.7124617e-01  -1.3013757e+03
  -4.0207926e+01   1.8613328e+00
  -3.2823194e-02   2.0576370e+00
   4.7395906e+00  -1.6654073e+00
   5.5182274e-01  -1.4769877e-01
  -4.3883760e-01   2.2547268e+00
  -7.9016746e-01   8.7921655e+00
   2.6241431e-03   2.3463182e+01
  -8.2860165e+01   3.4105025e+00
  -4.3233242e-01   3.8754591e+00
   7.2945904e-02   2.8374960e+00
  -8.5082976e+01   8.3639524e+00
   9.8829694e+00  -3.9502127e+01
   5.5515968e+01   3.1995821e+00
  -2.2784337e+01   2.7468299e+00
  -4.0894584e+01   8.5687273e-01
  -1.3372142e+00   3.4134740e+00
  -5.2805998e+00   8.3040259e+00
  -1.3371741e+01  -3.7547465e+00
  -3.3270521e-01   8.6569328e+00
   1.0952811e+02   2.5107668e+00
   7.3786571e-01   1.8052750e+00
  -4.9675106e-02   2.4042277e+00
   7.7737886e-03  -2.0328047e+00
  -1.2409099e+00   7.7567599e-01
  -1.0063602e+01   1.3801229e+00
   8.0832661e-02   9.3617300e+00
  -6.4091788e-01  -3.1846314e+01
   2.9048222e-01   3.0628527e+00
  -1.1888509e+00  -4.4078946e+00
  -2.7452373e+00   7.3875490e-01
  -9.0848590e+03   4.8850865e+01
  -4.5727075e+00   7.5818834e+00
   4.1964224e-02   2.2713805e+00
  -1.7730096e+01  -1.1327270e+01
  -7.5877487e-01   6.8644972e+00
   1.5392616e+01   1.9633467e+00
   5.4310987e-01  -7.4578791e-01
   3.7504917e+02   2.2991057e+00
   8.3965713e+00   2.3985094e+00
  -1.0688429e+01  -1.0941635e-01
  -1.4423091e-01   3.2485153e+01
   2.8967155e+00   2.4463749e+01
  -2.7168500e+00  -7.1949804e+00
   7.0159286e-01   7.1278896e-01
   5.0496264e-01   2.9608038e+00
  -8.3882242e-01   1.4730168e+00
  -3.3980975e-01   9.6526563e+00
  -5.9707061e+02   1.5509586e-01
   1.9163561e+00   1.2916923e+01
  -2.2015894e-01   2.0906578e+00
   3.3881520e+01   8.2303752e+01
  -1.8195416e+00   1.1523735e+01
  -9.9636986e-01   1.8561329e+00
   1.2557199e+01   1.5201234e+00
  -2.2557248e+00   3.4043147e+00
   5.4332189e-03   6.7180064e+00
   2.7271661e-01   1.3184445e+00
  -3.2608011e-01   3.3714161e+00
   3.8550283e-01   2.4029679e+00
   8.6629734e+03   1.0503858e+00
   5.4295914e-01   2.2299532e+00
   1.2671347e+02   1.9285419e+00
   6.8897750e-01   6.5802204e+00
   1.8871701e+02  -9.5550939e-01
   2.5529610e+00   1.0534581e+00
   6.6348450e+00   2.6309685e+00
  -2.5737674e+00   1.4448453e+00
   1.1140470e+00   7.4838060e-01
   3.3899493e+02   7.3553593e-02
  -1.9763532e-02   2.7588987e+00
   4.8348209e+00   3.2647043e+00
   5.0106321e-02   8.6713042e+00
   1.0908265e+00  -1.4401575e+01
   2.0514571e-01   3.4667451e+00
   1.1096728e+02  -4.7176132e-01
   7.3003867e-01   2.1474593e+00
   8.6851960e-01   1.0702622e+00
  -9.4005694e-01   2.9368649e+00
   6.5680229e+00  -3.8873481e+00
  -2.4780887e+00   7.3409802e+00
  -2.6820378e-01   3.2115829e+00
   5.8882297e+00   2.2370949e+01
   4.7767123e+00   1.4308364e+01
   1.9946294e-02  -8.1032752e+01
   6.0952811e+04   1.3589560e+00
   1.4065053e-01   1.7958820e+00
  -7.1750203e+00  -1.5030651e+00
   1.4433096e+00   1.0156466e+01
   1.7421642e+00   1.9624099e+02
  -1.0105810e-01   2.0256730e+00
  -1.1430812e+02   2.6733114e+00
   5.1389497e+00   2.0216370e+00
  -1.3587658e+00   1.6777894e+00
  -2.2485718e+01   2.0230545e+00
   1.8383694e-01   8.3322853e-01
  -2.2920443e-01   2.0338442e+00
   2.7829527e-02  -1.1265613e+00
   5.3032102e+00   1.9671396e+00
  -2.2060274e+02   1.5098223e+00
  -4.2108200e+00   2.9595419e+00
  -2.0810290e+00  -7.8924165e+01
   8.5826927e-02  -4.1562637e-01
  -2.2960880e-01   5.8979248e+00
  -6.9314418e+00   3.9563146e+00
   1.1408931e-01  -2.4797433e+01
  -1.5859128e+00   1.8018215e+00
   9.8478307e-01   2.0797021e+00
   3.1740131e-01   3.6669684e-01
   7.0667138e+00   2.4984927e+00
   1.4518115e-01   1.9548087e+00
  -8.6632597e+00   1.7222525e+00
  -1.0603997e+00   2.0889367e+00
  -1.3344114e+00   4.3220014e+00
   1.1366472e+00   3.1019194e+00
  -7.7352389e+00   3.9687094e+00
  -8.5685958e-01  -1.6731079e+00
  -1.5033794e+00   2.1054287e+00
  -8.8085779e-01  -7.2310828e+01
  -2.7077005e+00   1.8096210e+00
  -5.3099583e+03  -9.5753916e+00
   7.3650525e-02   2.8312541e+00
   6.1134512e-02   2.0871770e+00
   2.6647515e+01   9.3481361e+00
   4.8673413e-01   2.8133207e+00
  -6.3869166e+00   1.9181182e+00
  -1.1261293e+00   1.0273042e+01
   8.5618270e+03   2.7107235e+00
   7.2452470e-01   4.0562088e+01
  -2.5438976e-01   1.4308985e+02
  -8.1476036e-01   2.6251777e+00
  -4.8126239e-01   1.7932702e+00
  -3.1619447e-01   1.8105982e+01
  -1.6889971e+01   2.1941559e+01
   3.5636115e+00   4.2933877e+00
  -6.6732308e+01   1.0344612e+01
   6.3746839e+00   2.0791382e+00
   2.5552205e+00   9.1086211e+00
  -1.1124271e+01   5.7273904e-01
  -5.4045390e+01   2.0379008e+00
  -3.8095164e+00   1.9724681e+00
   2.9904241e+01   1.9580425e+00
   1.3850189e-01   2.3359750e+00
   2.4187055e+01   1.9936211e+00
   2.2249861e-01  -2.8663157e+00
  -9.6185532e-01   2.2337546e+00
   9.5753870e-01   3.2162404e+00
  -7.7090928e-02   2.8840989e+00
   8.9388274e-01   1.9578656e+00
  -2.3646948e+00  -1.1691040e+00
  -6.5597350e+01   2.1542258e+00
  -4.8064927e+00   1.6614637e+00
   7.4820468e-01   1.1654148e+01
   2.0128012e-01   1.3827533e+00
  -3.7343329e+00   2.0912699e+00
   4.9653976e-01   1.0788166e+01
  -1.2356088e+00  -1.1215337e+01
  -8.2087771e+00   2.5264161e+00
  -6.3071823e-01   2.5938616e+00
  -3.9230775e+01   8.4661523e+01
   4.5326815e-01   4.7764442e+01
   2.8071236e+04   3.5894864e+00
  -6.0598506e-02   3.7993043e+00
  -1.0228437e+02   8.8982575e-01
   1.0791459e-01   3.6379499e-01
  -5.1744720e+00   1.6832661e+01
   1.1181346e-01  -2.8541723e+01
   2.7699872e-01  -1.9546258e+02
  -1.1067163e+00   8.5140253e+02
   3.7733963e-01   1.5220767e+00
  -7.7281328e-01   3.9986302e+00
   2.9349654e-02   1.9387184e+00
  -1.4870600e-01   1.0396286e+00
  -6.7545473e+02  -1.8931949e-01
  -2.3329931e+01   4.7900144e+00
   4.3605270e-01   4.3559508e+00
  -9.5145377e-02  -4.3119000e+00
  -5.4718268e-01   1.4758313e+00
  -4.8169115e+00   2.4442438e+00
  -1.0239320e-01   1.7581278e+00
  -4.0213425e-01   2.0113507e+00
   1.1083161e-01  -4.1001096e+03
  -1.1049321e+01   4.0804632e+00
  -2.3842221e+00  -3.3312130e+02
   1.8119446e+00   2.1611872e+00
   1.9754069e-01   1.8163751e+01
  -2.0682299e-01   9.9912679e+01
   4.8384077e+02   1.1920752e+00
   2.7261063e+00   1.2349033e+00
  -6.2664413e-02   2.3748960e+00
   6.7586801e-01   4.7510072e+00
   1.2779248e+00   4.9686880e+00
   2.5811331e-02  -1.1477685e+00
  -3.8626369e+00   2.0484657e+00
  -1.7486694e+01  -2.6509737e+01
  -7.6831174e-01   2.2527886e+00
   1.6952622e-01   5.4892418e+00
   6.1622019e+00   1.9396086e+00
   7.3807659e-01   1.1346758e+00
   7.3630770e-02  -5.1101638e-01
   1.5890275e+00   3.4362464e+00
   9.4109282e+00   1.1450791e+01
  -1.2124373e+00   9.0772041e-01
  -1.0769161e+00   2.2386707e+01
  -1.7021402e+00   2.1491487e+00
  -2.2095410e+00   3.3329448e+00
   4.6586709e+00   3.4787531e+01
  -1.6744248e+01   1.8724402e+02
   4.2656977e+00   1.5981944e+00
   2.1836197e-03   2.0653229e+00
   4.4885936e-02   2.1249529e+00
  -7.0302748e-02   1.8222495e-01
   1.3599380e+00  -1.6698262e+00
  -4.1618902e-02  -2.5877317e+00
   1.2630432e+00  -4.8150442e-01
  -2.0363313e-01   2.8291678e+00
  -8.9201203e+00  -2.4884896e+02
  -2.6049819e-01   3.8554162e+00
   3.1540917e-02   3.6585522e+01
   4.7678510e-01   2.8183370e+00
  -5.9333919e+02   2.0059074e+00
  -4.8137728e-01   5.5063141e-01
   2.2426009e+00   2.3060057e+00
  -1.2391764e+00   2.2679948e+00
  -2.9382518e+00   2.6555965e+00
  -2.8342413e-02   2.0634655e+00
   2.5436033e-02  -3.0556469e+02
  -4.9865857e-02   4.5527156e+00
  -4.1163747e-01   2.1217645e+00
   1.2615042e+01  -2.9834367e+03
   5.9885046e-01   2.1204538e+00
  -3.0627005e-01   1.3270547e+00
  -1.2740242e+01   4.8180766e+00
  -1.5924496e-01   8.8459697e-01
  -2.2153628e+01   2.1171420e+00
  -9.5913785e-01   2.3612286e+00
   1.1824956e+02   3.3263078e+00
   1.5397980e+00   1.6815004e+01
  -2.9923087e+01   4.9866868e+00
   5.0654231e+02   2.5582733e+00
   1.5919158e+00   2.5600984e+00
   5.5461386e-01   2.0952569e+00
  -1.6149076e+00   1.6714508e+00
   5.3478512e+00  -1.7012461e+01
   1.2356135e-02  -1.3339535e+00
  -9.3168180e+02  -2.1456596e+01
   6.4167888e+01   1.3493885e+00
   1.1389267e+03  -1.0995835e+02
   5.6473789e+03   6.6723855e+00
  -5.1679342e+00   3.3296022e+00
   3.9189896e-01   4.4959897e-01
  -5.5607661e+01  -5.5707271e+00
  -8.1878970e-01   7.8126657e-02
   3.3779204e-01   2.3056402e+00
  -1.6785335e+01   1.8788638e+00
  -4.4311283e-01   3.9139159e-01
   1.4690053e+00  -5.2629313e+00
   3.2413796e-01   2.5499557e+00
  -7.8777654e+00   2.1020815e+00
   2.6937159e+01   2.2807944e+00
  -6.7984556e-01  -9.8529234e+01
  -4.3025281e-01   1.9471638e+00
  -2.9223425e+00   3.2502156e+00
  -5.0037964e-01   8.5282737e-01
   9.1717008e-01   1.6816649e+00
  -4.8589885e+01   4.5103367e-01
   2.8362156e-02   1.6342965e+00
  -3.1419263e-01   4.8008270e+01
   1.0703618e+01  -2.0616824e+02
   9.7300854e-03   3.4199311e+00
  -1.3995485e+01   1.7964365e+00
   1.5223553e+00   2.9183361e+00
   8.3415746e-01   1.9647063e+02
  -5.1847939e-02   1.2529326e+01
   2.4212058e-01  -5.4239468e+00
   5.3139708e-01   1.7151291e+00
   2.2271983e-01  -5.1846089e+01
   1.0838312e-01   1.8671782e+00
  -4.4267806e+02   2.6698577e+00
  -1.2377769e+00   7.1378052e+00
   1.4086686e+01   2.0015687e+00
   3.2515265e-01   1.9249866e+00
   7.3873323e+00   2.2423246e+00
   5.7201233e+01   2.5005351e+00
   2.6878838e-01   2.2431748e+00
  -1.9932878e-01  -6.8628042e+00
   6.9436166e-01   2.4128700e+00
   1.2554346e+00   9.9221608e+00
  -9.2501222e+00   1.4823327e+00
  -1.7103586e-01   2.5050333e+00
   2.6916023e+00   1.6426877e+00
  -1.3757512e+00   1.2358974e+00
  -1.0117373e-02   3.5028598e+00
  -9.0765999e+00   2.5160546e+01
   9.3277956e-01  -4.2839277e-01
   1.5578690e+00  -3.8490390e+01
   4.0503488e-01  -3.2079157e+00
  -5.6647107e+00   6.9019769e+00
   4.1470264e-01   1.8235437e+00
   4.9299652e-01   2.0623793e+00
  -6.0037342e+02  -2.8123398e+00
   9.7477569e-01   2.0070470e+00
  -2.0215130e+02   6.1104684e+00
   4.3368452e+01   1.8851742e+02
   2.5706520e+00   1.9365007e+00
  -8.7543252e+00   1.9509188e+00
  -1.2536086e+00   1.8304615e+00
  -5.9192592e-01  -1.8523243e+02
  -7.4329011e-01   1.9397787e+00
   3.9252636e+01   9.1839229e-01
   1.3040221e+02   1.6391085e+02
   1.1443289e+00   1.6757803e+00
   5.2659269e+00   2.5910884e-01
   2.5976825e+00   1.4011229e+00
   8.1453151e-01   7.5189690e-01
  -4.6113140e-03   1.9104310e+00
   1.3820971e+04   2.0415329e+00
   1.0556187e+00  -2.0424260e-01
  -2.5418387e-01   2.3241577e+00
  -4.9949243e+00   3.0262124e+00
   3.6113882e-01   2.1736872e+00
   4.7708153e-03   1.5961696e+00
   2.1217062e-01   1.9882114e+00
   1.0824141e+00  -5.8135207e+00
   1.9312650e+00   2.1518010e+00
   5.3625336e+01   1.5259342e+02
  -1.3095341e-01   2.8725109e+00
  -1.8126421e+00   1.0654459e+00
  -4.4260643e+00   1.9639200e+00
   1.4040622e+00   2.1312876e+00
   1.7227749e+02   2.3577459e+00
   7.1480072e+02   1.8607716e+01
   4.9597127e-02  -1.1114096e+00
  -1.0652863e+00   7.7135338e+01
  -2.3663370e+00   1.4538299e+00
   4.6466050e-01  -7.0902782e-01
  -5.0740280e-01  -8.8801901e+02
  -4.5495798e-02  -1.6591746e+01
  -1.1883860e-01   1.6820349e+00
  -1.5149825e+00   2.5890567e+00
   7.9431290e+00   1.8451331e+00
  -5.2431920e+01  -2.1680759e+01
  -3.4862173e-01   8.6589919e-01
   5.3523114e+00  -2.8791255e+00
   7.0993235e-01   5.9335469e+00
   6.9679478e-01   1.9595827e+00
  -6.1787315e+00  -5.5719443e-01
  -4.8027184e-01   1.9274591e+01
   9.6022733e-01   1.0809631e+02
   1.3243013e-01   3.5805071e-01
   4.7596178e-01   6.0382468e+00
   4.5716938e+01   1.4300029e+01
   4.0314764e-03   2.4174229e+00
   1.1638424e+00   1.9348888e+00
   1.3546846e+00   7.1013189e+01
   4.4480666e-01   1.2086681e+00
   9.6856865e-02   2.3314383e+00
  -5.2083266e-01  -2.6681862e-01
   8.0067237e+00   2.0371355e+00
   9.4216165e+01   2.3998895e+00
   3.4125275e-01   1.9114606e+00
  -5.0512873e+00   1.1151793e+00
  -6.4825844e-01   2.9954952e+00
  -1.4466458e-01   1.6506415e+00
   9.9583534e-01   2.1010355e+00
  -6.5158017e+00   2.0901246e+00
  -2.9585653e-01   2.9101739e+00
   5.3010014e+00   1.0978404e+01
   7.1885875e+01  -5.9822116e+00
   9.9442490e-01   2.0796225e+00
  -2.5228404e-03   2.1367183e+00
   4.4694306e+02   2.6719696e+00
   5.9716694e-01  -1.0207864e+01
   1.6908283e+01   2.8410480e+00
  -2.0606112e+00   3.7403524e+00
   9.0773763e+00  -7.6566668e+01
   1.4040017e+00   2.1141351e+00
   1.2357078e+00   1.8786992e+00
  -2.6608578e+00   2.3251383e+01
   2.6934232e+01   2.2416298e+00
  -3.9662848e-01   1.8627481e+00
  -1.0992437e-01   1.9247103e+00
  -5.2684579e-02  -7.1290858e+03
  -4.8693895e-01   1.2904823e+00
   1.0076924e+00   1.1158684e+00
   1.3425002e+02  -1.0563455e+01
   9.2396810e+00  -1.5044502e+01
   1.7574574e+01   1.9358681e+00
   4.7775789e-02   2.3002711e+02
   1.5333425e-02   2.0741206e+00
   9.9195471e-02   2.0288653e+00
   1.3033491e+00  -4.1611254e+00
   1.0087780e+01   2.0601927e+00
  -5.3040910e+01  -3.9081446e+00
  -6.7108937e+00  -1.2703124e+02
  -6.3887503e-01   1.9780167e+00
   6.9034561e-01   2.8347956e+00
   7.9341681e-02   2.1783862e+00
  -1.1709617e-01   7.1378573e+00
  -3.9603180e-01   1.8633370e+00
  -4.7147760e-01  -1.9857428e+02
  -1.2239009e-02   2.3133996e+00
   3.8153492e+00   1.4048788e+00
   6.4471696e+00   1.5221624e+00
   3.9727731e-01   2.0122009e+00
   1.9615463e+01   1.9176099e+00
   4.3799851e+01   2.4150045e+00
  -1.0272033e+00   2.4459063e+00
  -2.3670375e+00  -2.4806689e+01
  -3.0786414e+00   1.8607681e+00
   5.7172471e+01   1.6541296e-01
  -2.8501248e-01   1.9905851e+00
   4.2349761e+01   1.9470341e+00
   1.8214723e+00   1.1969161e+01
   8.0507438e-01   2.1832170e+00
  -1.1606341e-01   2.0761755e+00
  -2.6053887e+01   1.9512843e+00
   1.7285321e+00  -1.4295147e+00
   6.7846605e-02   5.1088155e+00
   2.5997999e-01   1.1220610e+01
   1.7550614e-01   2.7946780e+00
   4.9567441e-01  -6.1391704e-01
   3.7021646e-01   2.9576246e+00
   4.8052869e-01   2.1655114e+00
  -3.0045123e-01   2.7265039e+00
  -4.0392548e+00   2.5653955e+00
  -5.5198061e-01   2.0820519e+00
   5.3820735e+01  -6.0884867e+01
  -1.5383910e-01   1.9535574e+00
   1.4439150e+00   2.3775288e+00
  -3.6471130e-01   2.1157741e+00
   2.7054574e-01   1.9748015e+00
   4.2693044e-01  -1.6217119e+02
   6.8240755e+00   2.2257641e+00
   2.9470609e-01   6.1494745e+00
  -2.8686437e-01   4.2149818e+01
   1.3571014e+01  -2.1293733e+00
  -9.8930671e-01   4.3928064e+01
   6.9438281e+00   2.4338874e+00
   2.8905376e+02   1.7233554e+00
  -7.6689998e-02   2.2530851e+00
   2.1894447e+00   4.6646406e+00
  -1.0451104e+00   1.8254222e+00
  -1.0155539e+01   5.5433623e+00
   1.6069938e+03   2.4616477e+01
  -3.4749002e+01   4.7721838e+00
   7.5669073e-02   1.8703816e+03
   8.9692328e+00   1.3561507e+00
  -2.1359864e+00  -3.1837840e+00
  -7.7965909e-01   1.9229733e+00
   1.9141340e-01  -3.9298951e+01
   5.4933376e-02   2.0381519e+00
  -2.9897197e-01  -2.9083392e+01
  -2.2877864e-01   1.5791069e+01
   1.1961683e+00   2.1776405e+00
  -3.0404746e+03  -1.0265509e+02
  -1.7308506e+02   2.3166186e+00
   1.4267819e+02  -5.2801074e-01
   1.7625365e+02   7.2049722e+00
  -2.1695919e-01   7.4369524e-01
  -4.2037476e+01  -5.0799352e+00
  -2.4471045e-01   1.9065701e+00
   2.4408801e-01   1.0202016e+00
   5.1825925e+00   2.3050187e+00
   1.8398253e-01   1.7602486e+00
   2.0149476e-01   2.0106815e+00
  -9.1660007e-01   6.5006795e+00
  -1.9565742e+00   1.9503949e+00
  -8.9901852e+02   1.7749396e+00
  -1.3579807e-01   2.0006351e+00
   5.2595452e+00   3.5927619e+00
  -1.7730981e-01   9.8366743e+01
  -4.3136853e-01   1.9488775e+00
  -3.7017018e+00   3.7624869e+00
   2.9576609e-01   2.2644891e+00
   8.6175760e-02   1.5433165e+00
   3.5607495e+00   2.7645023e+00
  -3.9057642e+00   1.6629876e+00
   2.5037345e+00  -3.4765661e-01
  -2.7848646e+00   9.1829354e-01
   1.4676148e+00   1.9138537e+00
  -6.5751531e-01   7.0367469e-01
   9.7358242e+00   8.0551997e-01
  -6.7150769e-02   2.5732574e+00
   3.0260371e+01  -7.3931493e+00
  -2.0448444e-01  -9.5884189e+00
   9.6425604e-01  -1.4422768e+01
   2.2722927e-01   4.0728016e-01
   4.3170047e+00   3.5568167e+00
  -2.4806913e+00   7.2091078e+00
  -1.1655013e+00   1.3028873e+00
   1.1790836e-01   1.5364329e+00
   9.3271068e-02   1.9796540e+00
   2.8885225e+00   8.2341966e+00
   4.5306174e-01   2.3233311e+00
   8.0861833e-03   1.9891994e+00
  -8.2428490e-01   2.1215263e+01
  -9.2873626e-02   1.6693942e+00
   1.1164573e+00  -1.4687444e+01
   1.7954187e-02   2.2861380e+00
   4.6447980e-01   1.9965905e+00
   3.1342637e+00   2.5416725e+01
   7.7466115e-01  -6.5552468e+03
   6.6219981e+02   7.3627286e+01
   3.9536186e-01   3.8183339e+00
   7.4030089e-02   1.0099175e+01
   3.1300353e-01   2.3966359e+00
   7.2109025e-02   1.2268311e+00
   1.3481651e+01   1.1667087e+00
   3.3468251e+01   6.5415017e+01
   5.2989545e+00   1.4185716e+00
  -1.6702562e+02   5.3470088e+00
   6.3323613e+01   1.9888035e+00
   8.8699256e-01   1.9675147e-01
   3.8530553e-02   2.3506866e+00
  -1.0019041e+01   4.6188021e+00
   1.8060418e+00   2.1599229e+00
   1.8079177e+00   2.4756747e+00
   4.3404986e+00   8.9225640e+00
  -2.3178970e+01   1.9864519e+00
  -5.4887425e-01   1.2565629e+00
   2.6784111e+01   3.2068265e+04
   3.4558130e+00   1.9961792e+00
   6.5679529e+00   3.0925784e+00
  -4.0271021e-01   2.8732041e+00
  -3.7639159e+00   2.0226297e+00
  -2.7594851e-03   3.7234784e+02
  -2.0880617e+00  -7.1596020e+00
   4.1627212e+00  -1.0364392e+01
  -4.4753234e+00   3.1088412e+00
   1.4441108e-01  -8.2950234e+01
  -1.4681654e+00   2.4565017e+00
  -5.7179565e-02   1.5151282e+00
   3.3895570e+00   1.8035132e+00
   8.9336500e-02   1.8708989e+00
  -2.5721893e-02   2.1694898e+00
   5.8526429e-01   2.4727675e+00
  -8.6081030e-01  -4.2821239e+00
  -9.6866079e+00   1.7765696e+00
  -2.7382439e-01  -3.0473563e-01
   2.2668108e-02  -2.7736200e+01
  -1.0800800e+00  -2.4031308e-02
  -4.7977677e+00  -4.4538893e-01
   3.9878908e+00   1.0680582e+02
  -1.0099436e+00   9.2454435e+00
  -4.5385870e-01   4.5420220e+00
  -1.1848883e+00   1.9264214e-01
   5.1627053e-01   2.0926891e+00
  -5.2873717e+01   2.2196269e+00
  -5.2949959e+02  -1.5739750e-01
  -6.9720381e+01  -1.1799547e+01
  -1.6275082e-01   2.8737833e+00
   2.0222459e+00   1.5481466e+00
  -2.2682593e+00  -3.8031953e+01
   2.6189907e+00  -8.5475030e+01
  -5.4923679e+01  -6.5521790e+00
   5.6474372e-01   1.9571715e+00
  -6.5365240e+00   3.7010399e+00
  -7.5120488e-01   3.0357792e+00
   2.5190694e-02   7.9481827e-01
  -1.3814128e+03  -3.2203595e+03
  -2.7311518e+01   2.0753496e+00
   1.4810416e+02   1.8915507e+01
  -2.9243068e+00   1.6501601e+00
   7.7913127e-02   1.8746340e+00
  -9.0319761e-02   2.6824627e+00
   4.5382907e+00  -1.3473060e+01
   1.6325853e-01  -2.9724319e+00
  -2.0838212e+00   2.4233453e+00
  -6.0171951e-02   8.1601852e-01
  -1.2608999e+00   1.5304235e+00
   2.7500132e+01   1.0025936e+00
  -2.9505129e+01  -1.7560008e+02
   1.3002205e+02   1.1887142e+00
   3.1189290e-03   3.4901816e+00
   2.0825386e-01   2.8053432e+00
   3.7914787e-01   1.7965050e+00
  -2.0428297e-01   1.7602134e+01
  -5.5968806e-01   1.9257136e+00
  -4.4796596e-01  -1.7968915e+00
  -2.5388297e+01   8.0834283e+00
   6.7775308e-01   7.3551577e-01
   4.9350941e+00  -1.0981958e+03
  -5.2441544e+01   1.4203699e+00
  -5.7450589e-01   1.8860431e+00
  -2.7167951e-01   1.7858143e+00
  -3.7140238e+00   1.6640820e+00
  -1.5081915e+01   1.8474424e+00
  -5.7957386e-01   1.2131292e+00
  -1.6536087e+00   3.9433362e+01
  -1.1515303e+00   2.1465568e+00
   1.6987756e-01   1.9909080e+00
   8.1108073e-01   1.3760269e+00
  -5.1136578e-01   2.2012096e+00
  -1.9058349e+02   1.5280956e+00
  -8.1320758e-01   2.2278856e+00
  -1.0106800e+00   1.3642534e+01
  -3.0462402e-01   1.8010110e+00
  -7.6001495e-01   1.4882821e+00
  -8.4096964e-02  -1.9186317e+01
  -8.5321741e-01   1.1516416e+00
  -1.4343237e+00   4.2707757e+01
  -5.6622293e+00   3.0290678e+00
   2.4922765e+00   1.7704569e+00
   2.1159744e+01  -1.4242515e+01
   3.3948863e+02   2.2887481e+00
   1.4628870e-01   4.2163365e+00
  -2.7830080e-01   1.8238128e+01
  -7.6591382e+00   2.3572440e+00
   1.1246721e+00   2.6782865e+00
  -1.0075475e+01   1.8209619e+00
   1.2687722e+00  -4.4624168e+00
   8.7226700e-01   2.2694413e+00
   5.2622103e+01   2.3257912e+03
   9.2759781e-01   1.3929593e+00
   1.5489854e+00   2.9927320e+00
  -8.8952466e+00   1.5863985e+00
   2.9142719e+00  -1.4901508e+02
  -6.4650676e-02   1.8752542e+00
   1.9663700e+00   1.1879915e+00
  -3.6842721e+01   2.1558582e+00
   3.0141446e+01   1.8548166e+00
  -2.8730374e+00   1.8915343e+01
  -5.0551043e+01   1.9360891e+00
  -1.8361492e+00   6.1129035e-01
  -6.8085450e-01  -1.5469595e+01
